100008588
3490
100008589
4071
397
1393
207107
8771
1030
4681
7857
641700
414899
4837
2634
8710
552900
27123
241
8293
574036
51226
100874051
8302
3957
641702
6274
100131897
645520
3822
54436
579
64123
137835
9235
284266
4046
3754
255130
100507392
50508
6920
11082
25790
1470
100528021
145814
2793
22914
64641
220388
3001
101180901
3624
100288122
93655
7056
6424
6756
54809
90226
221395
10516
22918
4015
116441
285548
643707
6404
84830
114788
3075
129446
10871
100529215
4907
1295
407977
3965
9729
653427
719
219285
80833
3866
100303453
100861555
256076
1041
7299
441294
445372
4481
301
3773
7096
10777
7099
7052
8553
3772
80177
2012
11343
8862
27063
80201
8840
6444
27286
7226
58538
225
861
1003
857
541471
203447
7038
2635
5734
8291
4311
4502
7041
11227
5155
22801
375033
9241
64283
5744
26585
8515
55619
960
375719
4053
4923
139716
121601
3489
29126
56978
1029
26509
302
27303
5328
56911
256691
2633
84171
3801
399959
956
7145
55901
9096
4354
57211
1301
51393
112597
414236
815
84251
2246
633
860
5271
80380
100507244
2313
201799
133
84159
220323
286297
64084
6277
1893
56034
5327
2791
7849
3759
6744
1839
10512
4500
149478
149111
81832
29995
79642
1290
8436
11096
645166
196051
4803
51313
3675
2307
7075
79890
5337
113146
197259
259232
253152
90952
7040
2847
51314
2202
10267
4323
1012
84216
10397
8870
10234
6546
29953
6281
2625
5468
93663
4493
2113
283316
100462981
8829
50486
1277
646
7262
28984
22989
23345
54843
1826
114905
9630
57451
5166
9123
11023
10395
84981
7805
3956
92949
4286
5137
3897
646329
100462977
11075
3090
57124
6928
54769
5621
144501
10391
6591
53358
140576
5054
84848
8110
1465
3975
2303
1303
167359
23371
441432
3914
2335
4313
3428
5791
57574
9518
57158
8406
2908
874
51332
1397
64859
255631
10046
6781
51225
3814
100131234
22861
100498859
4685
26191
127435
358
3601
51084
57381
6595
79745
441108
753
8974
2000
2122
1490
23562
22854
5251
343521
100874241
284615
1806
8754
23584
51299
7035
3589
2977
79974
390
2170
2300
5199
631
1026
25960
3783
25758
6282
51330
27122
84141
11031
154761
65266
148022
2034
8061
4616
8200
4938
55304
5228
91607
85366
7980
728495
3676
8793
3688
79674
26353
11010
114614
56937
348938
81553
2915
221749
59269
8787
2119
9411
7431
10769
1848
9060
26020
392399
100036519
349334
5452
5366
114757
2022
100463486
7424
7048
7042
132720
84290
54538
90853
100133920
11135
9961
55194
5798
5627
8082
10451
2995
364
5159
22822
84675
50863
340061
3672
50487
285016
340075
23052
148170
347902
6876
9180
80114
29931
100507500
51301
4008
3574
2687
10791
58472
7079
27255
115701
10103
2004
27254
11259
5880
64750
6696
4734
3673
55240
375298
84525
8407
284029
56062
255104
1846
144453
389
353376
3572
4000
5101
7318
5329
5600
4217
1630
2766
8821
126917
3628
5350
84570
64073
6935
161176
5142
8869
346653
81855
3707
3491
3690
1004
4319
122786
10150
5069
1956
1305
9651
84441
81792
4318
9586
79772
10924
8601
57565
613038
388242
100271835
90993
1827
5144
1471
2118
824
1031
56892
2890
80323
23348
5355
10736
8871
441212
23158
100505385
4130
79940
22898
5797
80215
11262
387882
26112
8470
25878
201633
3976
29798
6678
9388
3709
54456
51703
50861
5999
254228
91526
5269
151887
602
6493
100130880
6899
7482
23768
706
80816
80176
2696
11346
22821
4879
50650
80854
4154
79026
26578
337876
94122
84959
51232
6547
205860
7057
306
9582
100131117
79365
64855
57205
3875
353345
9732
10587
5352
55214
388135
1767
2014
4092
25927
23336
10903
57795
3433
91179
10186
27233
4900
10602
9603
3726
126119
84795
100126784
6495
79839
85461
79627
100302736
5314
272
131566
3597
7006
79815
90627
94121
1889
55691
124739
83851
54360
9056
167838
3556
4208
90102
9641
64651
8604
590
23034
55824
81848
30008
166929
58504
3431
64834
84627
284297
118429
388610
8877
257194
8835
90488
51022
25976
6527
800
558
64236
100127888
100874242
7357
152007
7077
2180
131583
10404
6769
100532736
92241
51148
8482
115908
3077
6001
3488
9610
63898
27252
283
1134
214
2745
118738
79710
56969
92689
57552
79901
11217
84913
408
1263
375449
3823
1278
10981
6038
80005
1312
339535
7425
55075
4487
6446
284119
2744
1289
2162
649
51129
4781
9871
51347
340526
23043
3717
3716
6867
6310
643650
3422
282808
80315
6623
1794
22836
442213
26031
3241
55742
25937
57514
134
132299
2318
22925
611
2151
51119
91351
3157
285761
57172
7045
7058
1906
5923
140609
23629
7942
644242
55902
1038
344148
1847
11098
1021
26137
30851
2869
89866
165257
84918
4199
1073
54796
9531
10544
23136
11177
9200
23180
253827
29775
54898
205
55679
162394
4121
4739
128077
164312
153769
3856
376267
5998
26010
84433
91010
3988
6616
5362
22885
7127
1969
768206
11244
374383
4267
6237
6990
567
10519
2934
7184
308
54206
132864
1272
50999
5480
7421
63940
116842
23414
1130
203111
23705
6583
5033
659
165
150967
10411
309
6461
23550
80723
1192
9695
8794
3685
6498
1316
2181
307
91851
54996
51083
219749
100507436
57559
3487
8717
401093
474338
23529
10475
23576
64778
56950
22824
134429
83478
1666
928
3915
23129
10865
8673
3786
6035
3725
3778
727936
3936
56256
445815
10627
7169
7139
103910
395
27147
5533
8411
55853
116984
3486
4017
133396
149345
26064
2028
26511
11178
27333
9886
554236
54602
645843
8510
91624
4162
9236
130733
5343
3787
9751
54947
8751
100533467
154075
143903
10806
91614
117581
4627
7474
8693
39
9697
3696
2743
283446
3106
4774
1955
9590
896
389289
5294
3566
9748
1813
57616
8614
5315
10253
11120
54103
4155
55752
1837
406
3912
23500
100287227
55008
1008
134265
51422
644873
57493
348254
4179
54532
27314
22911
64393
6840
10550
9902
1469
22936
2294
966
168850
146227
55754
25996
51661
378805
11167
51809
285203
72
51474
60312
5151
10484
54587
6376
26136
5980
7114
81794
3638
2059
6793
7043
10555
9709
10019
728066
5045
2224
26762
658
83666
10260
54981
55970
7782
4233
9111
2124
3939
255488
5578
100873741
221756
5128
5358
2182
93349
84166
2355
124359
100653515
5874
128102
135228
2569
4603
153684
29915
2184
5244
5756
200058
2149
6284
8826
57509
10487
8642
813
5654
130132
5479
81618
84176
1264
3981
54495
1687
9076
9891
139221
145173
9263
3918
85449
5445
50507
89795
4012
10634
2564
57061
5581
27350
9475
60401
1363
30001
6747
79819
54414
170954
2131
146691
274
3756
151354
100499194
6620
5806
5325
9926
51363
10461
80019
51727
9955
23499
140766
7982
84617
1212
11067
822
10371
5046
653190
4258
26115
23221
3309
5583
266812
100129046
170689
3383
64285
5205
7881
57231
4478
51652
11328
55223
4638
114801
80325
84168
8728
5738
2668
9424
8682
2780
5330
386593
378
3910
27185
8490
84002
1281
2317
50619
1611
169611
387119
7078
55827
57045
54733
51186
84910
10398
80256
7227
667
8587
51566
7267
1294
4597
100507299
23143
344558
5214
3315
55351
25825
81846
55062
113791
79875
7837
60494
30011
246175
3977
11211
64787
121551
7975
5021
2632
51368
65065
55002
2591
3958
10000
64866
84740
56204
54583
9645
100288695
2222
4060
56894
3964
688
10133
203427
10096
254827
643314
7905
55106
114907
7402
83874
4211
7094
85301
2683
28231
1606
79586
401494
11344
728323
2582
57636
3927
1821
10783
121457
648987
10109
55357
27248
6307
144402
728431
54625
64420
100505881
5862
8301
627
355
64764
147650
9945
8038
858
10254
8476
219654
3895
8748
389337
1307
11015
1464
25992
8412
9276
56951
94031
64747
339894
56605
9107
2150
51200
5638
23406
29957
147968
253461
100
22872
23268
6387
22920
53834
3419
29109
2621
9780
345757
23541
79628
338069
160418
51014
126326
221981
57515
10486
6322
55293
51390
64215
5833
51465
8986
23568
977
3987
11174
51646
254102
5509
6672
51360
440672
6713
400954
399473
5163
7168
2589
1728
51429
788
11043
4016
51523
83547
81
644962
644591
283392
152137
113201
8797
728841
8273
10095
1315
143888
5896
284996
1282
10194
10589
340527
84815
4974
8323
115207
55616
81537
55890
100131434
125111
80072
7873
4790
23150
9853
80267
8795
83468
64839
378938
201134
7110
11034
30846
2134
85477
23673
144165
5872
338699
91768
10962
157378
64746
4942
114294
56005
4047
2241
965
124976
9802
10384
339416
4300
50814
392364
22927
2123
6697
79768
10257
3799
134957
6913
50484
11103
3949
26575
100131094
976
64094
7059
6400
8985
25907
26224
121227
54480
100750247
4482
3485
10381
66008
3156
6675
2863
805
23741
10333
6804
831
3097
53339
441666
3074
29071
284618
7534
51201
311
9168
400765
6383
100381270
79567
160897
2674
79188
5799
10435
10097
196
9541
81621
24138
100271873
8633
653489
54928
55454
1997
6609
162073
56907
56180
81533
11226
5906
84265
412
51660
5530
7408
10938
5573
9341
8534
9859
55337
7076
28962
50807
8798
4782
767846
93129
115548
57605
100431172
404093
94
29065
54863
1843
79789
3176
840
10954
87
392490
10252
166336
6494
10725
96610
726
2201
55872
54498
9021
7026
6049
665
84270
63827
10039
1107
9446
9510
5870
221035
6560
84248
10982
56776
6782
5699
64114
9331
100287225
118433
2590
57142
57761
3371
30844
1508
89848
51426
6385
9867
386607
9351
64374
10970
3136
4925
8572
8853
57224
1739
116068
4249
116254
4637
51726
29969
132789
1174
6303
55973
10916
22846
79694
5130
9338
6272
334
1845
1522
5290
150094
5611
5925
23157
56851
989
9208
271
83937
23169
4780
6737
7739
23190
811
155370
51124
1601
51019
23232
5562
3423
84623
1292
1009
54704
84456
3454
51714
84557
83931
728392
144811
666
80212
3091
9957
221037
967
139231
2961
51752
11221
54951
3732
339366
196527
10010
2242
51290
64748
54793
79658
4054
51776
10290
8727
538
23167
894
1486
8799
143
6464
222389
8916
23612
64856
85450
781
5339
215
2906
102
5784
79778
56944
2280
23508
9854
9564
90411
83892
54762
55914
3611
158158
51141
57488
10440
100652759
51000
643853
51065
54020
26056
81671
6382
10513
3899
221710
25897
83442
100499467
653075
7171
9958
1718
79780
138724
5351
9497
6622
7204
2200
10379
51569
81555
9260
55296
400752
9749
440028
7132
54885
9554
6711
5817
132671
152110
51144
10808
6386
197021
55236
6451
3855
1901
829
196383
221895
85360
23037
51026
9451
57477
55773
59277
140606
3680
28966
5701
10346
4147
11118
7423
663
64175
54718
8578
4193
81839
9648
316
51162
10092
50515
29984
11322
5937
81606
22933
51109
595
90874
6102
54453
2900
10950
6275
5965
203259
79174
3858
55274
255394
22820
91748
199731
9469
7414
1595
25977
440248
11007
57547
3920
9270
23365
23376
6594
57698
27
54732
132
100630923
5098
2970
2017
8526
4709
7844
10094
5526
25998
440275
64167
114908
144406
60492
8434
8935
10630
55092
60559
51105
100462953
4814
23333
112849
91252
2804
5787
56925
8690
664
1514
6655
79071
56889
55769
396
81888
91663
10190
91137
26286
92140
79982
26091
8763
51196
51651
9020
9948
81552
4188
4124
283464
29116
10892
23325
91283
55829
55219
55628
121456
100506668
221184
11014
84333
6574
105
4209
2802
23597
10015
84969
388115
151636
5700
100505806
7430
91050
10671
1203
9936
5834
57337
100288615
55013
400966
50618
339122
23176
10159
285550
3163
202915
5289
55243
5899
56128
8036
5780
79670
55279
6342
3588
5939
112950
57589
80146
10531
80149
23603
3590
57575
26953
4338
541565
55690
7106
79738
53842
1284
94274
8987
5708
821
10755
10600
1781
51250
6309
6238
51382
6196
100505696
3579
644
154141
7456
652
84818
91977
25777
5413
154214
949
58533
160428
3728
100507062
51510
6575
9950
51669
80013
283209
145567
400322
285671
1917
92912
6674
372
290
283624
8450
23338
23243
84220
57050
2275
79651
79856
8933
79180
27295
639
8887
27086
57542
84640
38
304
54841
57403
53335
100507463
10955
4131
56123
2828
10867
9652
51316
284565
192134
23317
23175
493869
10973
51100
6249
3678
51719
23592
57491
2171
50808
5201
950
27247
115201
114882
91584
23096
10213
29967
5829
285527
285613
25932
150962
130535
3998
51564
7084
29766
55033
60681
3098
6611
8641
323
55681
8031
4320
80255
2959
163486
401074
9517
729609
261726
9725
51142
4430
57462
3032
55715
6647
55313
83641
53917
55858
439921
400
6513
9601
441155
28988
126321
57380
85377
79884
400818
4026
9209
1314
100129034
117583
3827
23324
7126
80232
968
100188954
259173
84645
1362
2678
4811
285
127933
51061
55884
79020
51136
4664
9637
149992
646600
57458
219333
329
4247
10226
8609
10802
100289178
360023
29763
836
283687
6396
2519
757
51088
90843
728806
29940
23480
2767
100507034
54431
100529067
80339
51274
114299
154810
55860
11182
9415
150290
6810
55332
23645
140685
5912
85440
11275
79912
6484
11046
10312
114884
23471
57804
2049
9262
11183
10447
285148
6662
8496
8905
51375
1213
8737
2923
196074
6558
84679
5935
9147
23071
8091
23764
283131
100505676
5861
728047
221830
23641
83941
51706
2992
5567
5795
3107
55917
55737
25959
81035
100507156
5926
80856
25841
195827
3908
6845
55088
283514
5718
998
7737
57511
11215
373156
158747
6319
55312
54386
642938
27069
55766
196441
4082
23198
56106
83930
10687
817
64343
55300
23710
116151
55959
51573
55224
84056
5270
55031
5682
51439
130940
55230
55958
4598
11148
51012
23256
23200
830
65981
7030
7779
81567
9805
388677
387893
4331
10082
55757
5917
771
54464
440243
51131
84280
26864
100312957
64211
390992
11166
4004
27023
8363
1592
389058
120237
151126
89
84894
100130155
6656
51087
55289
84891
642423
56936
30062
887
762
153571
167127
642826
4009
27134
146378
4825
387638
10406
27231
201299
152
55843
54550
114569
285401
2253
6663
5076
84867
145270
284076
389206
140730
84966
6092
6218
10874
143379
7471
5342
1463
167826
23316
1618
162494
27133
170850
8822
79012
84518
3024
56341
2850
346689
2139
388015
100526737
11202
6866
9965
3119
400685
9671
286183
100129083
9427
85409
729085
84152
9721
202374
644943
5100
118427
54207
414764
7480
24141
100137049
3122
342527
3249
9796
4902
340543
401409
445577
8739
11247
8433
168002
58529
343637
9249
57540
8395
22865
5522
85569
27132
51450
5457
1007
5320
256536
55879
7015
478
7276
11001
340784
6261
55258
54586
4843
94030
60675
92359
3127
9248
100529855
337
120796
79057
553158
767
400043
57101
797
51046
84519
51702
8741
4881
100133545
80036
9421
440925
344167
389658
84467
79825
79784
7478
116135
388021
134829
4661
1005
64180
11240
414152
3199
1381
9478
64377
653659
199920
26220
3167
7781
440556
79958
100534612
168090
60598
5053
4036
157627
3818
11255
647476
8630
10279
140706
54437
1844
1394
1113
3350
344838
2918
134111
117247
718
165186
9884
251
3219
10665
90668
284654
124602
119587
63973
113278
55203
137209
647946
84631
3748
63923
10864
6262
8854
23237
1747
10858
778
402415
57126
100533105
55138
27199
341359
8120
1960
2899
219670
5648
375387
441151
2155
5173
7412
56147
100526825
91683
4604
91133
6900
2700
6833
54845
5265
124842
127665
11122
8471
100130238
8788
53904
5354
7450
254559
9381
7547
2911
9229
91752
80731
129684
8972
92293
221806
339983
4753
7855
124925
5803
374946
80725
63976
136227
146754
340990
56963
9379
84889
135398
340419
171019
22866
1297
65268
1271
8857
27112
389549
147495
153469
58
202559
83481
404037
116442
5596
84059
84691
50624
219527
2487
26508
6490
10382
5502
157753
123036
9378
777
286204
79192
2043
4610
220963
8645
4585
760
441478
5592
3751
91461
5579
119
643224
10053
57167
84858
84502
1365
3785
80164
83723
80070
93099
57111
27289
10439
284217
7060
8913
402665
375704
55816
2719
83715
388419
3780
133688
56751
5453
100131213
8361
7447
59084
8224
387509
285533
6543
375323
401262
340348
400680
5168
3400
139728
4145
54997
6330
548596
79625
100170841
5582
79817
2775
9254
3171
219736
8820
3749
80144
2261
10468
57822
9066
120071
338
57689
154860
10814
64093
51285
1496
84063
219738
6658
148252
2066
6337
53630
8324
6423
57144
255877
58480
11141
56920
1815
1050
79608
51599
285175
126695
63982
80000
54894
114815
8618
2571
27164
81796
153572
25817
7704
23105
80243
40
163183
1789
57622
8532
4185
28514
51704
1159
170961
1588
2903
79977
9053
117156
2842
79727
23242
5625
57348
2904
100505695
4600
2781
1288
114795
100131827
124961
220382
4885
7102
3398
6657
29993
129293
79698
150209
827
57139
9228
56832
117245
123624
1628
4778
347730
150368
131405
2104
51361
57628
389799
203429
387914
978
2556
2166
283174
4613
85453
273
7852
3109
79774
4133
349667
400793
5097
187
29944
392862
84536
170302
338440
2649
50855
6911
282973
23349
57662
152789
23329
27151
1959
728591
547
60680
57758
26290
57501
2895
283358
10408
23401
9024
79852
441495
1299
54510
151
388336
57030
57393
129804
8577
10529
341640
375057
100130934
335
93145
22941
150
117
83886
55964
1804
2747
27324
56977
1896
286077
158584
5652
140578
10256
3123
84733
55799
347689
1958
167410
5153
2628
6535
80217
4059
8825
143425
148641
158228
2322
89876
200150
23428
347694
1749
2596
53345
3547
863
22843
9783
6329
3007
6456
389125
57556
26577
390637
7504
1428
1501
121256
53822
10129
83543
29119
51085
347731
388228
5015
794
57338
60495
54413
23225
201501
79632
84929
2917
84870
9302
84842
399668
100130476
220359
4602
100526761
152189
8639
26077
146713
7113
5414
70
22986
283576
400961
54101
6297
23632
5909
6299
54897
83394
197257
112399
116986
80765
79695
1152
1080
56154
3164
25891
10265
9143
26153
2041
83539
116969
8927
29841
57156
9447
220108
54768
254887
29118
116328
66004
9901
3741
348738
8912
9951
254187
9620
57731
1602
100533183
84734
6695
643382
54502
23779
27293
7148
115827
222183
55567
2254
84649
3158
28999
1902
11061
100131138
8342
9722
131096
50832
6096
664701
2583
23149
100303491
284215
57578
6507
653404
3358
9935
283897
5013
9480
54715
6768
3306
84900
494470
23533
401720
54913
221188
57549
221191
3730
23114
342346
8613
80059
3745
100129583
65997
92370
219699
729830
117166
6252
100288413
1795
8928
9940
10718
56905
5336
55220
10418
283248
5129
348
170690
9892
50831
6795
153020
9912
147645
100132287
100129794
387763
4440
8294
5292
999
7373
27087
24147
23493
55237
100874028
4324
5979
5992
51385
7020
54429
80054
23566
4886
7718
7546
4884
79656
57460
57596
4908
85442
5802
10021
11248
9649
92815
56475
84958
137970
1006
441631
129080
57643
55722
112885
23199
100500862
10389
776
140469
23178
140738
477
92292
79948
22997
7162
90187
84101
409
5104
9220
5602
1600
79671
85416
128312
4861
8350
9170
337873
83992
128272
1840
146330
7163
51761
27439
64757
100132215
29785
79987
89932
119391
57685
8325
54549
221914
9580
147011
2334
728723
23302
89792
145258
57718
389633
2788
1809
23090
83850
89874
100133941
349136
53947
84073
2040
1366
3798
79746
285231
2302
653604
115650
115795
348174
1001
25830
23220
8359
284422
22943
79570
182
653653
5800
84915
90293
55698
54478
116159
58512
2737
2045
64080
333932
126961
84814
348303
11184
146206
151473
2100
7275
80119
56896
122060
160335
4171
9088
83643
57653
51222
8357
386757
55796
3790
202658
130752
9760
2731
7090
79844
3603
5858
9627
5557
5818
112703
55022
347252
9401
27443
90025
8358
80274
23228
283481
252995
5866
133522
79805
4986
729747
1952
1136
112464
151742
9258
26040
972
9942
644353
3662
11339
342035
8340
158326
114822
148523
3795
8828
790952
4858
79740
774
9674
201181
80115
770
1999
338596
100506660
65078
196475
4645
10347
575
126295
8214
26047
146433
64409
314
728377
285025
81849
23057
492303
162699
9227
79075
22901
9515
8331
83541
4998
9625
158405
51540
341
3017
1757
10420
5837
53616
65251
54734
7023
256126
8355
642475
5588
3993
81491
100131825
6664
284307
112476
140290
111
8317
94032
56413
7775
440689
649159
4920
85235
55057
5424
2913
8344
89958
724033
9911
1543
80031
90139
5916
55592
2053
22998
2196
729533
8495
80178
80022
56953
1838
715
81578
8360
4897
64077
1143
8329
8353
9252
9304
79090
1040
55329
8968
2650
8351
7374
144571
10603
26267
146760
54829
8362
3613
57586
1944
1286
8345
51460
10810
149775
7643
10297
773
196410
92369
57568
54805
81704
84125
100130519
23217
222171
6653
5801
342979
8842
100500815
10036
2657
152273
116028
643988
4935
8326
23769
199800
285958
5454
100507043
1951
317772
55084
50628
81558
64849
80312
2735
55315
4037
338651
29887
7479
93
10100
79857
79191
684
153478
10518
8341
8346
4174
2886
54039
387640
8366
91608
100287569
8343
6692
6854
79623
80714
1293
9715
5727
78995
2173
100507266
51224
10535
140711
1641
56652
54982
2051
100506939
56660
23682
283659
79730
6875
80206
8332
11076
79705
249
23263
284412
283234
3800
3084
4329
100033430
8356
1298
23138
58528
10018
57673
9468
1947
8153
8711
55789
123096
645332
340277
493900
10690
63922
100271849
116412
163115
23007
11200
2263
83699
161291
5087
6331
8914
84807
200634
6511
126823
114043
2257
113179
402
10919
8969
4192
100271874
284403
100129075
10459
113130
50649
6468
79094
64131
2548
158035
100289092
10278
645369
114915
1943
57134
8370
554313
9001
2978
151827
55295
100885779
29968
283987
10437
57530
8368
80150
55512
4958
10714
4854
8335
84530
122416
91947
2824
2035
22983
10586
79845
54857
8354
8541
162514
10343
440823
79973
8364
256435
9628
7761
32
8792
8336
92745
1058
8339
55693
11093
23145
26504
162655
27165
1036
51659
222553
92840
5764
2983
57216
79605
440081
7138
81620
283455
54492
605
9700
55723
899
144423
7225
25854
993
440896
64785
6450
54848
147912
199745
151313
8349
4172
84307
3775
647024
3674
220042
4919
79823
5593
6861
7008
84451
6536
5080
729234
64386
169834
23598
8365
790
8814
153163
7161
100289137
8303
64101
5396
4605
100507433
81931
8313
5028
3148
121504
83903
26227
26053
84058
23373
201798
23224
66000
221527
54976
144100
283554
1768
9880
8330
1102
84541
3008
388
283177
168667
58516
10396
9196
55089
84439
100033438
338799
54922
85415
6091
26011
26610
3352
9394
26873
56997
152195
84775
388507
286749
9314
55038
2944
286467
282974
57593
9156
440519
79019
26175
200844
9074
9718
6118
81610
64122
728833
284992
26050
8165
84960
5287
90381
79154
55388
3070
80303
91653
11013
8971
3108
3746
51514
9848
30834
10023
8348
340596
5973
6542
8462
2178
5629
7867
58489
7012
55342
3643
653820
2542
10501
55765
8334
57716
6256
51176
387036
225689
140701
6853
286336
90317
100129543
80318
282679
1842
1632
10014
7186
56141
171425
83538
9920
23127
5347
9369
79000
441531
285962
85462
84678
141
9723
84444
9099
4595
100132708
1663
9675
51741
3009
169522
23554
79603
57116
100033431
79366
79762
3014
9569
116832
100137047
239
388630
222161
220001
201725
728116
4355
79733
63895
29089
159371
79776
55345
785
2562
4143
285116
6626
93474
6119
64919
5198
728689
114900
2901
723790
8337
129790
284338
9759
275
11000
1375
5106
5740
441208
64599
10360
64753
89797
9633
84954
56145
10293
27158
1018
10715
25833
147015
25946
717
379
22838
1763
128854
256987
26232
196403
100507218
80758
60386
6649
100288198
5521
399726
64783
84078
2157
11145
8398
51517
25894
442524
100507421
100507194
85236
3012
11169
100507057
343450
93010
79102
83473
221833
268
10949
51750
6839
7762
149840
55422
165829
6608
83475
100507351
153562
339229
3833
79682
2305
284069
25939
64763
2192
128344
94025
6457
340533
7564
9816
197407
64793
10620
3619
161823
22859
6929
219790
11113
23239
6641
730092
84787
9858
92558
1181
58473
22795
195828
4804
8338
164045
285368
10172
80820
57820
10821
65975
55374
5152
401474
100861532
338645
349408
3013
79725
6585
23119
389741
2643
138429
79755
93210
23642
144699
51560
57479
8851
8884
51533
10024
729438
3321
93100
9212
197320
192683
642846
414918
9656
10400
285971
9726
80209
257019
10322
85002
2260
4647
29781
84937
147686
348327
54475
8805
9696
170685
3005
57085
6496
163732
10615
8654
78990
22881
51005
51058
23507
149473
57161
11065
25989
56102
26470
84033
5326
284004
100125288
57524
90379
8745
90525
393
8347
129401
143458
650368
22937
400451
60491
25973
10460
9894
4091
84680
10195
5367
6843
9687
677766
81571
493911
203286
10335
113655
284837
3720
2878
55607
57409
2639
441272
347240
197335
392617
54930
5422
145864
4621
283070
60672
118672
55079
55190
140735
1164
89801
63027
4173
23101
1946
3835
64762
25862
57801
23767
8487
3111
89978
56110
84133
63979
27315
641
261734
80775
124222
56981
2619
10155
7556
80174
22875
84206
115703
126133
56992
83596
7301
27043
11004
401149
51268
51700
90120
100286979
51259
875
79751
9473
4796
80154
57579
5783
153090
22994
92162
10629
100630918
991
287
84898
9915
2026
282890
140901
4240
2177
128178
81890
199953
2846
80321
8019
23283
125950
5154
5427
55166
114784
27145
55504
606495
7137
5156
57466
752
400506
93622
2030
79663
92935
84440
203062
387597
1139
89887
642799
27143
9455
100128881
57544
57821
5575
132625
25886
23306
445582
64776
9486
54955
5983
57176
84306
84707
145748
752014
9315
8438
57026
728411
898
55201
55920
56135
65243
23279
286826
65267
50512
9825
346157
79915
990
100132341
5984
8659
1525
64410
901
51308
3054
55086
386758
6235
7469
124152
79896
55135
245
3980
4150
4741
5364
399664
80004
8623
55636
84318
4175
283643
84722
389333
2018
148281
699
441381
8289
100130967
100507346
83549
84798
113246
79831
9843
399665
115509
51816
10723
8208
9423
2189
221504
84892
283989
1869
7984
55366
9133
55506
55536
10825
9986
54821
26167
51104
203228
5507
101060200
57153
100507424
8701
5742
284391
389610
89894
333
124045
374875
387590
55604
143282
26084
9742
9684
1183
995
4085
57690
201161
7730
115677
85302
84986
199704
79841
494514
100526694
10112
11030
51286
63035
100505817
60490
157313
1382
1870
9203
94009
60674
439949
4001
79887
148479
85395
1399
55794
57520
202020
100128191
9545
348093
7128
5890
84266
260294
23024
79414
10507
404744
8514
93323
121642
8425
6263
100287765
157638
55367
123
7050
445328
51276
152006
118426
10523
6874
2114
51093
54839
6048
92106
55071
5138
55695
29911
3757
255403
6665
440910
255738
9215
54069
143686
8926
317649
2888
84878
10025
100526832
60436
440
55544
25888
677777
1104
25925
64288
90007
94039
57186
4678
645513
400794
55281
123775
135154
8367
3425
29998
1786
140883
100131187
23174
2009
64223
7351
7701
127833
140733
5191
89884
57819
613
151230
55036
644019
701
9546
4038
84083
100033418
93664
3006
84747
79228
607
2925
84148
3898
56257
56931
6573
54535
9937
221443
51728
51588
51805
92312
2736
10301
79595
223082
10898
114798
332
80764
1515
7153
57510
169841
7703
28992
222166
2175
221927
283106
389813
6505
7083
222962
100133331
84630
79034
100132707
81788
4772
3382
51574
29988
165055
147700
4913
23649
9704
4363
155382
84253
79850
55857
56915
11153
91
11040
90780
11147
63978
23513
10300
79172
55861
650
23170
131616
107
5888
23211
9720
6480
100506013
3151
84330
4257
10635
5997
54799
84885
9481
644096
55643
200558
161436
729359
65057
54331
5438
57687
146909
51295
112939
23067
25801
654835
81928
6997
10788
54938
54558
890
441081
8970
4176
5426
51603
50937
55260
109
374666
9881
2068
9767
81691
5174
100272216
11037
9456
84289
9638
65003
55151
100302652
389362
401541
79906
9543
389421
114805
22850
126567
100505624
51015
169981
5822
116447
23397
55199
5208
127703
54910
64777
4072
167227
55572
221002
11143
5460
57576
6195
5187
56848
57695
9654
9679
80324
10654
57513
51444
4915
4756
7372
7001
25807
100288123
57863
6234
55228
84920
9400
112869
5590
56132
57592
150864
26958
57666
5985
348926
51203
126129
200895
55655
64946
26233
55211
51754
7851
6813
3815
121053
55215
126382
54932
191
100033425
56893
23521
51116
16
155368
170691
6904
23534
100505795
399474
23421
51545
349160
134728
7753
692158
407975
79754
91316
25917
79731
54584
27034
644150
471
83879
7272
687
55143
9739
84327
51512
55226
79017
79007
79869
27245
653308
7554
100506428
253650
80195
29985
148304
342892
56928
84243
4832
54929
63893
134266
55090
8831
374378
2475
8408
253143
2310
117143
23331
84553
64772
5451
3978
100532726
92211
6597
3996
1387
3991
23144
27065
26145
128308
10426
4521
64342
8906
80319
57538
92285
57580
25979
10298
710
254263
9918
90378
728609
255057
9735
2752
58526
9733
8492
24137
57171
84131
1468
23403
8123
5256
9013
9537
6023
5141
643763
3104
6432
5558
54903
59353
79894
729440
3615
421
5058
50854
28987
80010
90507
85021
23213
11091
8863
65982
222229
10105
221078
5789
90576
2237
55010
10469
7976
116238
8463
8318
10313
80789
7091
83461
7074
55916
64852
170082
57693
80306
23636
100132273
11180
57484
641638
30811
83959
84446
85446
775
25914
147923
5598
2968
5380
10327
2
5932
7675
64949
1111
9324
57590
9836
23587
157570
729375
26015
149986
124995
55819
115950
8570
23163
11279
142
79077
79934
387885
100859930
339044
51729
84329
1953
58497
23266
1010
79697
79066
221711
22794
6650
7536
8936
26051
100125556
80227
6777
84247
203068
29997
7517
7263
26834
25942
6117
115560
221150
11281
388152
84947
9787
10664
23031
2308
284406
11270
283596
6877
128414
348801
130888
55756
134353
23195
1938
4135
675
205327
55561
677
5538
122616
151477
7840
5994
9865
3595
440905
80263
57585
4591
317762
84085
8568
374654
57407
27079
152518
5609
283489
11130
6447
55718
57095
2050
85352
4582
6907
51490
26018
56342
57669
80346
4281
4234
7916
10157
9136
29901
6602
100529261
55144
8209
54058
27085
121512
57502
29070
28232
8508
80824
6949
9524
9658
57215
83986
84811
25850
2954
55225
51451
27300
114659
7022
1163
5830
9862
57649
9112
55502
347273
25865
169044
100505761
11133
728658
8175
401242
7064
29929
55706
81887
80304
1373
57325
5140
2956
53371
677768
9900
84515
3921
222696
1850
3280
80864
11094
23357
728215
10628
100529063
124454
643911
9794
10162
79006
90529
6714
79913
6919
403341
2033
7434
147948
26013
90594
23511
85444
342371
23
5165
6895
3955
7988
4221
4048
10432
117178
151963
8519
7764
6894
9410
22853
6712
54596
54780
10498
440078
64061
8379
283337
54541
51307
7700
9727
604
11173
9567
9688
6837
7639
93594
81572
55070
100294145
1891
2187
22974
29799
10591
150946
93643
6579
78996
10721
200424
124044
1352
50848
5420
3781
79187
9837
83729
2091
6141
80308
54059
9232
266727
253190
644815
56138
6142
100303728
8448
55729
79631
54962
200845
147808
23250
7802
55148
84792
10465
55540
1612
4126
55247
10125
150275
55146
582
23310
55117
57523
79840
84881
29894
84939
6422
84172
23476
55659
6671
57406
55178
10560
8660
286257
54487
7597
6603
9841
57482
58492
54758
389524
3178
4361
23524
6217
27349
100158262
57332
10500
57464
26747
56946
54681
6187
27301
158586
11005
79575
7693
55159
8085
9256
30827
55697
84300
728554
201255
29960
28958
8629
9150
3149
80728
374655
79683
84948
56949
10289
3705
6638
23076
10847
1487
57478
10588
55120
2146
79692
151507
284106
55137
6710
25929
57418
100129387
3092
1993
64324
100101267
100529207
27005
23623
1690
100271927
10243
2990
55160
389541
93589
8312
84461
10765
79968
283232
2648
284459
9814
57507
23223
55930
1196
90324
60468
2064
83604
23165
100533184
64425
3621
517
51339
8458
155060
5442
84342
3609
55650
6132
89849
22984
114876
222234
84067
22903
10869
55353
79050
6510
57602
6227
10038
124944
64419
84908
114796
728661
550631
10430
57414
9441
27237
51310
3843
79866
90990
389677
10131
83746
9329
23142
9572
23130
23294
1033
1027
115572
4857
83695
10947
2188
26249
55527
1802
5859
5725
1859
63920
54994
151188
57617
55713
84930
10793
8021
84971
10212
4117
25999
100528030
7290
206358
83743
5881
161424
10224
6193
84271
79711
6472
9924
23658
54566
79728
89796
5064
8726
116138
23028
219931
65095
113263
55905
221785
5591
51188
10926
57664
11162
27153
8859
79980
79447
345462
10785
8479
63897
10766
29941
64773
64940
9577
114783
54973
79047
23016
9757
25804
158056
593
27316
51053
80262
3020
10207
54892
11273
79726
23135
169714
54887
1161
93550
114034
114794
57613
90580
6202
140467
8543
339184
84928
374291
221294
10642
29087
2671
63977
23218
4288
23108
23526
9846
9631
23281
6470
55167
284900
6204
1477
11156
91272
6567
27075
3633
27343
123228
60625
2247
57634
10732
27335
4299
4061
4660
85025
114785
157
64708
5971
51236
9409
4783
10007
440926
4674
646023
126208
917
101243545
56142
5195
1616
100303755
55227
54556
10522
56131
7625
100533179
5333
4916
4665
122961
7551
51621
79058
55213
10607
346389
6666
8908
5094
9770
81857
79622
57180
203859
374882
5608
6210
91975
55683
11269
54620
57703
81544
6203
23361
6304
9677
9832
64795
1408
7157
286128
1503
11052
5471
25885
9064
11168
10572
132949
23013
23463
404217
27339
9775
9889
8089
6205
4798
10003
51427
8940
6122
9493
55775
5264
117195
55924
5184
266655
8243
6175
23248
56623
57475
51692
23133
85407
387707
415116
7913
90060
891
6334
124401
460
253769
5563
55521
126017
6506
1801
58499
26049
11020
11245
10921
10509
9781
124245
1797
2264
266747
57555
139818
80179
54939
81559
54491
55182
84219
57476
84126
130916
5763
55627
8220
50804
11022
56261
92715
84445
83985
84614
51466
63935
51386
283431
284325
113829
389906
64901
93436
100129534
84132
5335
10057
58491
51693
26974
3182
127281
5310
56242
284018
57648
55122
51275
84336
79144
1186
580
10747
2976
26037
60314
100507373
84705
114991
59349
3276
4294
9328
91966
55290
84250
8131
9829
29888
84278
9993
55906
84872
54815
55244
2185
1063
55172
6137
11083
10983
3791
375133
4351
219854
5793
81930
1756
60313
51629
84236
5081
100527960
5976
3159
7298
388969
5989
162962
91433
23126
389831
124540
1062
5577
133957
79714
23246
84436
54984
57647
670
57799
22893
22869
22979
84681
10248
84187
7755
9869
6130
100130691
694
7733
55632
29890
51441
79724
8975
21
57343
283871
22834
202
384
6566
55066
5889
64403
57539
84950
146956
54987
51477
2319
57001
738
78991
25988
51654
55764
55154
84302
8086
23152
27161
7629
23635
55793
114928
440193
162239
84296
150726
5775
112840
7037
11060
284889
375444
9883
843
84064
1937
92335
55170
8556
642
8428
57109
347746
100506866
9984
9507
5111
23216
147841
55180
1112
1787
7307
490
1788
100302739
64151
57678
55609
29903
11338
473
267002
84838
