100008588
100008589
27286
100532736
58538
414899
100131234
5999
51299
552900
241
100288346
8293
8302
654835
84525
3822
8587
2307
6818
3823
284266
346653
100271835
54769
399753
6920
7318
1470
100528021
22914
283106
64641
8200
63915
3001
101180901
389119
100288122
8436
4938
221395
1134
100526772
25806
145165
643707
728689
3075
10871
654502
653427
719
201633
2687
26191
283316
100861555
3213
7098
445372
4481
9127
170067
7096
8862
10777
55619
10234
8840
729582
225
22801
1393
4015
7038
2635
100505679
6928
3676
8771
64084
10512
54436
9241
4900
4502
397
5077
956
84171
1826
8038
22989
8110
56911
57172
2162
92949
6781
5325
84141
2012
4907
4923
4071
4837
815
6935
7545
7026
259232
753
7052
375298
3488
80380
2202
64123
5468
358
2018
11211
340075
64283
84251
8515
590
51393
4053
11343
6591
54809
7035
4500
23562
137835
8821
6744
4060
161176
11023
9096
5137
9355
51226
27303
154761
633
375719
7025
9839
4684
3090
84216
5327
2634
4487
139221
90952
1893
1305
399959
27123
11082
3756
2791
50486
84913
8291
28984
256076
51313
129446
2122
4493
169792
3212
7042
4046
1281
861
220323
90102
1295
6527
7056
79745
54456
7099
56978
151887
5308
554236
10791
84848
11098
1846
167359
10103
2633
1821
100131117
441432
6404
2294
22918
6274
100131897
5069
3690
57211
286297
874
219285
5806
100507392
55079
399694
1879
149111
5271
5627
28316
5080
9651
254778
167838
10046
947
132720
27255
23584
116441
79974
56034
7942
2995
26137
10150
81029
8710
1397
91526
80818
2869
50508
9123
579
1003
80816
25960
337876
8869
4130
3801
3773
93654
57795
2977
144453
130132
23158
4323
11227
29953
140576
284615
7075
63876
29798
128077
118429
79839
91584
25758
285548
145814
2890
9961
23371
57381
57205
2793
90853
192668
50863
2200
29126
1009
84290
54538
266812
1030
7045
29915
3956
5734
57124
7849
340061
1806
23768
57451
7040
9641
3428
126119
55901
51225
7058
121227
347902
79971
375295
8082
10391
23345
5314
364
4915
59269
649
51129
284297
4212
4685
219749
6277
5880
84159
1471
121601
290
7857
1813
79776
1630
7424
3433
8693
5328
503569
133396
5744
92241
2203
114614
220388
1306
375033
80114
131566
149478
23500
3675
301
3914
9953
257194
157807
81792
100874051
7474
10194
3814
84176
201799
646329
389337
93663
5581
220441
81855
3556
23052
84981
824
5199
2070
11262
81832
55304
22861
4016
11075
27252
653190
7041
11259
100036519
349334
344148
6496
10873
3589
80139
7431
4638
55214
645166
100131434
94121
148170
2847
2134
55733
7048
27122
728066
5355
56062
57552
3572
2170
122773
51332
58472
64750
1839
8642
282808
387882
2313
134
81794
113146
11010
4734
80212
22943
221749
728841
10924
197259
960
8406
203447
100507244
6609
114788
113451
353376
23414
414236
10865
219654
728577
51661
54898
25878
54453
4681
124359
169270
55568
389289
857
5128
4300
9645
2743
81553
221662
54843
153684
2745
51148
90627
79819
10123
3897
53358
8793
2934
5445
4313
6660
100874241
84675
55779
2022
100133920
91351
91851
29114
11244
339894
8754
1465
401494
9732
11174
3431
1901
3975
27063
9902
6595
1290
80256
256691
4258
100874242
79642
56128
5101
9886
7805
9060
3696
343505
3077
2014
10397
57559
6662
729873
100507500
1073
26585
3678
2048
25927
122786
4208
441108
57574
840
133022
9180
5329
5362
1912
3688
79772
26509
25925
5251
79710
6310
10371
2059
55824
164312
90488
10404
55075
641700
8850
3910
22846
114905
344558
26511
9338
5452
148022
23412
91010
4803
253152
9056
79858
4286
84795
7262
9955
5376
80854
221833
27147
10395
3783
1955
23705
151354
4154
30008
1827
56969
144501
8503
54360
196051
84466
8751
9610
8646
644962
728392
56097
25976
404093
79940
5337
2150
26020
6493
1130
2766
1031
8482
2908
4211
400818
646
57537
57452
2149
84815
23150
55194
4012
79465
285761
8829
9695
4925
220930
63940
147906
201134
8553
9236
444
10962
4017
154075
7077
1004
26011
9399
2621
29964
64855
6604
2915
9037
8507
138050
80325
10736
966
100289178
2151
83442
1047
3672
150967
54762
3707
302
7267
3673
6804
10451
976
55853
100505881
3768
400591
4774
80176
706
2696
4908
611
4603
166614
1192
1289
51703
286223
5578
57007
100130880
389
386627
5228
92689
27314
54414
1956
22925
860
23366
375449
84623
11346
266727
58504
2039
93349
1301
100288695
316
113791
139716
2796
215
645843
11328
169611
284029
6284
3241
153769
1889
8128
5098
5294
84940
3726
567
158135
50507
55553
2970
7482
57061
728431
2892
6424
145173
474338
5699
22924
157378
7846
254228
7059
57493
9508
79674
5799
83478
257236
51084
10743
8790
100506124
100
4782
4692
441212
55766
2004
79901
131583
56605
255631
4311
83468
2335
54947
7021
91653
10550
25937
55691
1363
22911
79890
1687
5033
5176
140771
3717
2000
100499194
1203
80726
23741
1611
55230
64859
170954
161394
6546
3912
51019
201191
283392
6282
148898
7357
8974
6495
10098
2303
84570
23180
254102
144402
55752
90993
27185
57514
5654
6275
348254
6990
2159
392364
3486
117581
23568
22821
2535
114757
4320
81621
2290
6867
166929
2113
24138
5166
23424
3597
140609
100129046
253827
4188
55296
3685
80319
283518
51752
22920
10806
3939
199857
85449
11120
1277
4232
25864
56100
4267
788
7145
152137
57158
115908
100505385
57231
54495
83692
9260
7782
6678
26035
56776
8728
5526
272
11178
254827
9388
345757
538
253461
100528064
50515
57060
55223
100287225
85461
11274
100533496
23179
7043
89866
64374
23541
55243
152007
395
26031
677763
79875
150962
10981
1278
23284
1107
100507436
6764
64747
10435
56950
6487
165
64778
2300
339535
8681
10475
9854
51200
343521
10267
6237
2123
214
11015
80267
57045
10827
29931
54583
89795
64839
386593
10039
92104
94
51809
54602
222663
132789
127435
6322
170689
9411
51566
7511
5343
100506826
55504
100506844
8853
8601
54480
55742
55293
2201
9697
4045
6547
79628
64801
28978
4128
283446
26575
79789
84818
154043
146880
57561
896
64651
26762
91252
6400
64175
3590
8633
114801
84959
56925
29995
338699
27239
414216
8407
221756
10602
8412
5896
2581
285704
175
406
10082
440248
56063
6620
4330
9590
83666
64215
649446
5533
3981
41
10819
283571
400322
284565
10519
10982
3958
64093
7076
3759
11230
114908
1000
54981
23673
55973
3858
5151
84837
5602
8321
6899
79573
8091
84248
805
10745
30846
2632
51141
23529
5063
10257
339210
11258
8870
1666
23333
5144
1831
9853
11177
168850
100463486
9672
648987
8799
80310
727936
5998
6001
7084
51199
100533107
308
197187
51119
7184
2182
339829
728047
3037
10486
11043
57605
389792
51375
4121
10938
94031
9289
91283
10484
51727
56892
6446
100462981
2131
9709
388677
22898
6484
166336
285375
1522
1519
56005
4478
258010
51652
84068
147650
57037
55092
171423
56126
665
8641
1315
65250
8572
55454
143279
55601
813
10916
84520
5738
9398
7352
1029
114907
55534
6646
1486
55013
80023
83851
197021
56951
2668
245812
140876
79175
9751
23461
29967
27254
10461
100302736
92162
6747
10903
6386
831
5066
2683
23348
9748
6041
57608
400954
79991
100507062
5756
56106
51209
5899
26108
2224
64834
113419
2582
5159
10513
8690
130733
100652759
10867
1601
64744
100287216
84875
55351
726
3655
65065
54498
1021
9605
1767
79365
171023
94015
2589
55130
4047
56999
22933
30001
22854
10097
56674
2590
11067
392399
1464
659
2181
10260
79739
56894
1280
8578
100996712
23232
51646
132321
728806
8434
6102
5621
8916
85440
100505806
51142
114879
79778
56123
51360
83937
84002
79633
50999
7873
4054
6422
154467
90416
79022
196383
3430
5530
54928
285598
8604
965
3959
160897
1212
3628
6382
100381270
64420
1316
8933
23659
4000
51316
309
2049
55707
84182
146691
23169
100271873
54470
348110
3489
284618
55754
84632
3309
6840
3487
28988
460
56099
5608
541471
80021
57458
54951
112597
57515
5980
3422
79738
81839
2115
11031
9957
29957
3485
10627
6782
84270
64743
55827
442213
4131
3899
8798
51465
7837
85360
145389
440456
7456
51176
79020
81533
7844
55701
386607
100287616
93129
7046
3786
29065
9865
3964
94122
10905
2280
5834
378805
7389
4862
4082
60681
79822
91978
8536
9472
11135
9859
51274
64764
400966
650669
56849
10634
8323
340526
100462977
79042
463
9737
29071
4338
162394
79720
9270
10096
7905
9098
7534
9341
54587
54793
2767
2629
100533467
51626
100132406
7094
400765
57542
25777
57616
285362
9586
7421
9488
57337
6675
64094
23452
134957
2780
10477
130535
26234
26953
57326
57106
23167
348938
274
30851
39
10670
9555
81831
57403
51097
55970
977
143
10274
4637
84687
9531
60559
9811
27333
55769
5791
9076
2744
135228
3490
115701
11119
8836
3566
667
6655
271
57336
150290
55902
118433
79709
388115
5925
79937
3988
378938
10254
811
65062
55860
497661
1603
57048
4247
100287227
10069
8301
9554
79634
10970
79026
57658
4790
376267
57597
126326
64319
3157
27
1508
140766
5025
51003
53340
132160
84969
83931
10000
1739
139231
64430
961
221184
84926
6272
51528
57117
1774
283464
7621
8614
51022
55198
8444
132299
55031
143888
84617
9871
10109
2585
3915
56907
89927
125988
7982
51669
50861
11014
170463
83874
4318
57185
51000
126299
56952
51699
51290
51136
80019
26224
57688
57722
5372
27248
112752
27130
81619
29775
4215
9111
439921
6376
10616
23314
55222
23457
84910
100534012
8910
85450
90736
139065
4199
23390
9274
66008
55370
2900
5701
115201
9475
100131094
2027
134429
378
6672
83988
55700
3074
51660
7132
6451
9802
285550
5862
84056
90411
55520
285527
401024
84498
25981
56675
8460
950
7169
83700
221687
63899
51160
89796
23043
7881
153830
1008
51009
51004
11344
51014
30844
22872
19
79694
51347
57547
2800
8405
54386
9946
100996485
27253
29970
166785
23625
493869
10411
80315
50487
3600
56122
6594
10252
200734
100507034
51026
901
51409
576
4534
9168
10487
221120
10783
6443
1390
51429
3097
91624
54733
3998
572
3611
112950
8506
643314
55002
643641
55780
2273
728495
130814
80013
1195
100532746
2124
3638
4627
4957
79989
10231
2987
203522
51439
10567
56255
2138
51426
2799
149345
9603
55760
1781
6494
80856
10755
114880
5990
255031
123016
10161
5562
6793
84265
4162
3976
669
166379
514
83982
55914
116113
11217
6281
11194
4430
220002
8706
5130
100431172
11253
89970
23054
5330
51714
23176
4013
154743
10943
334
10763
3383
4233
329
5787
22862
112849
27031
64759
81888
55773
767846
2098
284361
4482
9500
5708
127700
51474
23499
7227
54431
23670
130507
10618
55062
84260
121551
10010
51726
1362
9828
9820
558
26140
23336
10536
134553
54790
8727
103910
79180
6196
10015
79586
56125
23221
11007
54331
51100
9276
115704
4350
4597
55628
401152
9891
4853
2184
1903
29899
9788
123920
9873
129138
51635
91050
4008
441094
5214
63951
8986
2569
23102
25943
51523
79140
648
51124
4882
10687
2180
3454
396
23051
56851
3656
100507156
6819
23097
8907
989
11215
56889
84864
80255
113201
25827
5351
9068
92999
340515
55872
10019
55240
56146
5091
10290
23275
7067
285381
7078
23603
91289
53834
51250
23400
11046
112936
22900
29109
4249
375248
2355
29907
26115
10186
79899
2275
445815
5046
100130000
1263
81555
8763
57565
4669
54863
114327
5611
26025
28962
79734
996
26056
3716
26032
1540
55830
51105
23317
9209
80205
5479
322
58505
100272228
253635
602
22980
11080
9867
221477
84441
10671
2992
84888
284996
23190
55757
79658
55777
29128
55558
105
6786
2771
7507
23321
10099
56120
57761
26147
730101
55737
51232
5914
163486
285148
373156
3091
51088
57717
79780
2863
126321
399473
392490
23376
25891
10589
8470
84455
54434
23362
3176
967
83930
91179
11142
84456
100750247
64236
730091
23268
7980
54625
30011
55219
3732
5045
1796
126375
9647
10094
6574
25915
100532731
220929
4094
83641
2787
374383
6624
23557
284273
10381
162073
403
11278
23324
124583
23175
54732
267010
9689
91137
10531
22955
83941
285671
27020
4664
55577
10746
9263
5770
745
51435
55690
100499467
5798
412
320
120
9200
441666
1469
23200
221656
26286
56204
3987
23157
140688
84945
100526783
79627
8411
51186
23328
170384
3275
5954
10092
100129361
8100
8871
80723
79567
55274
5700
9638
55851
829
10440
54970
8720
10159
9936
85301
55858
10559
5965
1969
90427
323
10385
51030
51147
9652
26353
8546
51594
59342
5205
5970
7408
9926
631
619189
127933
7095
4179
80777
7543
8450
55236
9663
4598
9415
9325
4124
56731
7216
10846
80700
23262
6519
25832
10333
80298
91012
643853
148867
57526
112942
121457
51012
283219
3799
55818
5269
162968
26273
57136
27295
26580
51126
387104
8322
3636
84992
203069
80727
25800
9454
79893
8034
7347
144406
4974
200894
58190
2246
160428
51138
23136
6483
4086
92140
100507495
958
64746
283373
650
8826
25934
401397
96610
54499
23586
79912
1946
255394
102
286097
55958
5576
338692
11118
115207
4739
100129518
10608
25847
10464
84102
317
84918
58533
10138
79054
154214
8476
53339
692099
25897
8895
5090
196
85464
100128731
201973
653162
27250
210
10226
56937
79684
7106
692094
858
83989
9706
826
11079
9107
26112
537
221710
84749
10079
8216
51706
29933
23129
283624
2121
57683
57631
140606
51114
25999
3163
30
757
342184
493
1836
4709
9815
27347
5908
22858
1175
10026
5013
65266
3340
6857
92691
8649
27247
2959
2804
4084
57091
26864
100312957
407028
1592
27231
84891
100033427
9249
114569
100873757
344167
89
10406
51087
170850
84894
58498
219287
27134
143379
23624
642826
390010
9421
162494
8433
92359
389206
390992
167127
1410
251
84966
346689
3249
23316
9427
27132
100528018
389023
140730
11166
6262
27022
2587
146378
401409
79012
128218
55289
7475
144347
64211
152
157627
5342
153571
8395
11240
1747
3291
8120
8637
2850
943
1113
478
64377
117247
140893
3010
3670
11202
3119
5320
85409
387638
5522
57369
285401
10164
256536
79958
84448
642423
23237
9502
10874
389658
26220
92291
445577
100874041
718
8739
9721
5017
119587
54550
168620
6663
3818
2568
8403
80183
7379
58495
201299
1844
84152
767
3116
200523
10345
100137049
57101
3024
53904
3642
642968
83894
441151
9573
26872
6751
51450
441509
5648
6261
11001
151835
55879
65987
346171
151126
84867
2016
6318
165679
2139
100130275
116135
149297
84889
343637
4004
9023
9796
79057
7015
54845
6092
4881
91133
60598
6317
266743
6939
51442
284933
142683
5100
56934
9478
1960
6406
2706
51702
5053
342527
887
57126
151647
1618
284076
100529855
168002
25787
729085
9248
100133545
58529
56961
5653
55107
85329
23551
1995
8437
168400
9884
28983
57540
84467
374569
22829
24141
2046
79784
4808
140706
8447
1748
2899
117154
7781
132112
341359
6000
136288
145270
162387
1674
4624
399823
2918
653269
649133
6538
55203
10279
90246
154
386617
283120
954
400123
90668
11197
124590
1394
10083
79098
132204
140628
56936
165545
4129
91683
1758
22865
58
864
284111
55806
392255
729171
56147
3400
1463
2700
129684
1380
53832
9671
10086
4843
4661
10053
51046
5317
85443
29943
254559
221806
123036
136227
778
7547
79977
11122
220
5354
57822
143162
8224
117245
2911
340990
27112
57512
2261
1381
642366
64284
83481
9066
5803
2895
171019
8645
4753
7020
84691
65268
9229
548596
57111
339983
8532
70
100506013
100131138
79698
84000
23242
9053
96626
1299
54437
9378
126695
138255
83715
643224
6337
116442
374946
93099
5592
80725
863
11061
338440
26038
3751
51361
5652
57139
3749
8471
6374
80036
29119
10814
10439
126767
4036
1958
202559
347731
1789
3932
6997
139189
283576
57628
4145
5502
10319
375323
6768
1297
29993
9254
119
347694
54502
9674
91522
27293
57556
6695
84502
3166
404037
80144
7429
5582
4585
4059
22866
7225
441478
2041
1159
153572
59084
10382
51085
1366
163183
1050
22941
3171
23057
84059
254887
3780
220963
5579
3785
152273
55040
51285
146433
100288413
29785
93010
9413
57167
402665
148252
153020
5625
57595
117156
121256
790952
27289
1365
9951
83723
219738
999
7718
392862
283174
1268
94025
29842
170961
163404
120071
79632
29944
340348
93145
1001
2925
92737
4072
83850
1999
152789
80070
84063
23779
51599
9547
1749
79774
93649
6490
3248
401262
131405
547
284217
117
23105
65997
219699
55816
6658
4600
4610
133688
4613
127707
100130967
3569
8911
54894
1496
6543
5596
161291
53822
147111
8928
2775
8913
729830
151871
23401
7447
153163
197257
1080
3164
79608
80164
5097
146330
285533
79727
170690
4861
728591
64218
2886
4620
9379
131096
11187
91461
400680
11145
203328
79805
9080
1428
58512
1804
9760
51704
146713
55964
54855
3270
6372
23428
3398
57460
399668
7060
11095
8577
3358
6507
8361
100133941
26508
8639
26290
8792
9429
25817
79152
83539
2628
55237
3306
22843
341640
375057
3898
3397
33
1588
760
6456
10021
2353
158326
4488
25805
27164
375704
131034
100131827
4185
3691
2702
3123
3775
79987
23493
401491
10256
9024
57622
81796
51513
23349
8714
11033
100885779
347688
84101
286077
221416
8324
1795
57662
8618
5909
79817
4886
54
338
729747
415117
6457
4778
55799
139411
2719
2810
57501
9143
283897
7855
2921
28514
283358
5460
51411
79852
10468
221188
7113
28999
349408
100130934
128344
158584
56154
64757
283987
7163
4070
108
196996
5292
3720
79623
1959
50617
84935
51761
28965
8613
5420
136332
6423
64843
7102
400961
282973
56475
158228
66004
27092
335
54596
6578
8927
1896
9052
55022
1910
84451
146206
7148
240
27165
257407
146439
57156
342346
869
222183
5154
2984
100507043
10529
151
2919
22997
83543
79625
83643
348093
9935
85453
56963
50855
113452
27151
64386
7161
2166
1620
4885
57578
63978
9630
116969
6692
8842
64063
255877
2040
199713
100505695
2494
23566
2596
774
112885
9912
6330
57530
1040
56660
203429
55966
1750
80031
150368
79705
5924
1293
1152
388228
1288
4324
348303
201501
439965
1628
5588
57338
642587
1815
147495
100033418
100526761
79923
7373
793
83878
285025
2562
5129
348840
387590
10631
100505817
10622
128272
100033438
7643
2308
148113
55561
54757
6854
401613
6657
29118
54742
2842
29841
2354
9148
80004
2051
664701
8174
9750
57568
54101
284422
349136
776
285231
51385
22998
9244
80059
6297
256227
54566
23138
728377
79844
1545
647024
79695
147645
200634
5414
9783
6875
6542
26577
89797
10683
85442
84842
84958
26049
57718
5979
57502
64409
5919
57549
9228
652995
610
6329
80243
2247
23108
116362
9314
10157
10437
3635
54897
342979
26232
84649
653857
152189
64798
65251
3547
2781
646201
387509
348
9201
284837
23329
56905
100033430
8541
1840
10100
5336
55057
150
23149
4091
222171
338645
1006
56920
92558
4023
55647
115572
4922
162979
23225
63027
1298
1286
51540
2747
26996
23178
26468
9047
151742
140738
3382
23199
100506660
1690
651746
100033433
79192
56241
54836
5745
2731
6795
100289137
286
9074
284215
10893
4804
133522
5866
10420
114795
9580
219736
253650
23769
11249
440519
64131
162699
79570
92370
84929
60680
11162
4741
5272
168667
116986
53335
3070
9480
388336
5126
1404
51191
8912
202
171489
9170
147699
79948
80303
314
575
23072
51301
10459
10866
100616234
492303
8495
2735
653653
6861
220001
124925
23682
29108
64919
11040
149775
4606
2903
27443
341
333926
55220
8123
115827
65078
3993
9088
85462
25830
8214
80022
79075
389941
4254
339456
10389
157695
729533
3643
83541
100874028
54734
56997
10071
80119
26051
63895
4645
9452
9649
221002
116159
100033414
1645
3162
5639
5818
114815
642799
255738
23533
111
409
400360
79094
205860
1911
153478
9394
112399
58516
6665
1512
8492
126295
4143
644019
3007
5916
27324
80312
10882
84733
3730
118881
10129
79090
196410
10718
9473
79746
129080
89958
875
9252
11200
2893
8926
148523
88
2302
54913
8711
6926
649159
3763
55329
7287
23228
80115
2645
29091
9048
79605
9258
57447
54510
9628
54805
27087
10603
55211
8416
23195
11147
340277
100188947
6515
22953
27106
92292
79767
23632
7984
7275
57541
645332
81704
84541
57673
84189
23239
1944
81491
10178
221914
10058
79603
56652
84707
54829
972
154141
200150
2827
55592
100500862
7022
201798
55722
10045
54084
64077
2824
254528
3790
83394
441250
255193
100033431
9620
8651
137970
7089
55753
2263
57646
100033425
100170841
284412
81931
7288
151473
100507421
347252
116028
400793
53616
7070
144423
4958
23308
85444
283234
724033
1018
8501
5794
143282
26227
89874
80714
94032
347746
9625
116832
401720
60386
147011
4858
169834
27439
119391
90187
57716
1600
9455
4055
112703
100507266
2788
11169
2643
11000
143425
57116
6653
2624
6900
132625
64506
346157
1612
81558
170958
23302
79191
84440
79857
10036
7374
2321
51750
4998
161725
6566
2649
10207
5139
54102
643988
10620
196475
25833
2257
1604
51224
645864
10149
3815
151313
441459
2334
494514
79656
127833
57134
153562
78995
114043
282974
340596
84306
10610
83699
79730
92815
284992
1364
54039
57348
22929
246182
9227
55920
100129534
26153
3798
5997
160335
1036
5313
3936
153469
100131187
6299
57576
4935
8805
9383
85002
29911
145864
64208
441272
137075
10518
2052
100271849
4621
2752
60676
7675
286204
401145
84900
90293
90634
6712
93
26873
55604
1842
63910
6340
220042
57188
3274
9132
55536
7068
401474
1501
1740
728723
283248
5424
342035
8701
84792
58489
7697
53829
5557
79762
9744
55698
8519
84678
642946
100506071
2888
79755
55315
8239
843
7086
9715
1757
2264
284581
7277
9848
100533955
3800
1112
439949
55342
83903
54413
11339
55367
4174
158405
5495
113130
54857
440
2030
389634
55034
3662
5837
56977
145447
100288181
57685
10690
6505
22838
79692
467
79671
161582
9284
10347
5375
4605
29068
445328
100130449
169200
7775
273
5618
80852
399671
57586
5802
51222
100033416
100526694
192683
84553
25849
201176
30812
11076
54478
57228
8342
5010
100499405
9001
124093
7023
6696
162655
80775
3613
684
773
92745
10821
56953
7869
4281
79000
261729
51700
122060
81620
1951
152641
4440
2591
9633
5864
23189
28992
346389
23224
22874
5058
128178
10195
113828
29887
83959
78997
9627
144195
80178
100506195
55422
9938
9699
9754
79887
162962
80209
4602
79725
4172
6638
11245
29968
5347
10678
2861
169044
7090
51460
644815
54507
7010
148281
27143
7762
56704
55861
9401
1515
50628
5318
22901
715
2762
79915
54922
59341
6535
129401
4329
775
4139
26052
5087
10153
220108
5152
752
3674
8294
57820
7360
647859
54768
55345
79823
79228
100129543
6998
128312
25837
116931
51655
11030
147700
182
3753
55789
157638
642273
55655
284307
203286
123096
4171
5577
5740
25854
63922
100506085
80820
9720
23217
91608
10535
347689
4542
9816
650368
80150
64168
654364
25939
5493
7403
221150
5074
285958
5141
7050
80761
56666
378832
23090
388507
440081
55512
7436
2239
286467
790
9545
116447
64849
100130311
7465
83992
79154
23762
5575
10360
1838
51058
57538
55388
27043
23114
249
3111
57653
4037
64122
165829
81610
4854
3736
1942
85415
51454
100528030
360200
81893
23025
83604
10715
9762
83473
27065
5521
79888
284403
283989
5777
10105
3911
7004
1917
25973
9722
51533
317649
7867
54475
5757
57579
57216
79728
25894
92935
58526
5198
43
152195
9858
90381
282890
5208
90139
341277
6195
10919
8344
170685
92369
100128881
3653
729359
56915
1663
64777
9124
9880
6813
2260
23642
10788
728262
5106
9770
57687
22996
2232
121536
3621
8165
9121
58480
7186
58528
51295
72
642846
100128176
100286979
4061
85446
50848
393
5028
85352
90317
93664
8612
9308
4678
27124
79007
3399
6119
54984
275
7037
8312
125206
81849
79960
100506035
51728
3013
4835
6874
1491
100534592
57643
1953
93474
284391
493900
9156
6949
195828
170691
2650
85395
10322
993
16
7013
8317
441631
167227
10293
613
7137
84284
653820
84033
6331
402
100532726
92973
9136
100861532
8884
26084
51196
348926
286749
57648
5983
2914
51104
256987
84307
90990
51805
83439
471
114915
114805
57593
8153
2035
9215
152518
80704
64599
54069
92840
22983
57544
6839
1104
9456
85416
387119
2178
84787
54982
770
84775
79083
23170
142
283554
84133
4522
100628315
100093630
2512
55803
9911
122953
4257
9829
124454
645369
445582
100288198
23279
645431
4173
4240
899
80174
728833
90378
55226
54989
23554
10501
728554
54976
57504
54821
7754
8522
2697
2901
4363
23223
22859
9468
5822
4642
80324
7538
27113
80154
80321
27161
23216
222584
100874249
10014
54466
400506
440910
3664
388324
260294
79733
7291
144100
171392
399844
5984
6626
51444
57510
57647
7469
284207
3148
652
4326
51574
80320
32
716
50512
8568
91664
121512
94039
55924
7138
51545
3980
8623
23306
898
2495
27328
27237
4361
84765
10131
23254
5191
4595
688
64793
283229
100158262
3149
2091
9675
1763
636
255403
81788
57085
5364
54221
151963
1632
89792
1943
118788
27315
134266
79102
8331
5583
191
51741
10714
23218
687
100132708
223075
3705
26015
1832
80003
9841
7378
55166
54869
4192
1143
10331
26033
221178
64782
57180
29988
10625
23367
4747
8654
284071
79682
392617
85028
222161
114822
55857
10507
343578
5590
163732
11107
728743
9704
728116
3835
55144
701
4175
10155
57801
5932
6603
55718
60370
55227
8914
7473
5774
9543
2288
9414
6641
10523
3595
10514
55353
23024
29106
3880
203062
6480
26470
55283
2187
114780
56981
79663
26504
154091
2045
641
7546
83879
9894
3321
10172
440689
100507412
6607
84034
80318
130888
57479
55544
84144
1993
57409
644068
53947
1786
10785
5793
29997
124044
8708
10221
80110
10615
93323
83716
56135
79017
79922
55787
54535
678
23220
51603
5422
8487
147015
8360
28232
5471
5727
64129
4703
116843
79731
1164
11083
1058
10469
57819
8341
57475
27241
11065
124491
605
121053
9726
374654
54549
55759
55765
890
23016
3017
6520
5905
10112
23411
10825
407975
1788
399726
23421
116496
124402
9700
164832
2068
25865
8788
389906
100125556
79156
54517
8458
56931
65057
85021
606495
92797
489
5015
10570
3336
55295
10465
22853
207107
11168
9986
100294145
23
197320
23373
10400
6650
9569
94009
65243
9787
2653
84253
1119
8019
4093
114825
862
121642
84444
51116
57633
7008
55695
401577
57524
146857
5427
2956
641638
6256
5187
10335
991
55201
3563
657
6929
1605
7851
54955
282996
10635
1350
4007
84154
54996
8139
8851
11005
150223
5426
100302739
4234
286826
128414
84708
11133
6510
7764
7430
22994
28987
125058
55540
84669
124739
100128553
23076
9479
64946
347273
284406
10317
79877
8863
56242
6533
55706
401541
4176
6468
123
90025
84330
51083
54799
729438
2558
23119
23363
64783
8448
23598
10884
9221
56924
10560
126017
79066
7700
995
7012
9837
124222
81887
54882
3054
9934
11004
54915
60674
4074
9400
84898
64856
7272
26037
51175
11243
4919
3615
23082
340485
55190
165055
7372
8611
8438
157
445
8379
27158
9188
150864
202333
7576
2889
6917
150275
9656
92211
338657
138151
107
254427
57602
3620
3619
140901
8208
83596
164045
100288332
79832
112939
5451
4126
199704
26747
100529207
51427
343450
56243
90060
169714
9071
57513
1139
151525
5447
25841
65267
10588
1730
3855
9771
5558
8303
7083
51134
5634
9654
9282
63893
10024
317772
4860
92106
8140
11143
79595
729732
22937
221527
55930
148479
51477
752014
100127983
2305
5442
84881
2177
5775
9733
54930
8659
90379
140883
2064
55010
10289
9493
64787
55621
990
729440
90550
7039
8175
6118
7639
9759
4277
9112
25801
728215
11138
7840
4085
23507
51659
23165
91947
3092
11113
9212
11091
1938
84318
51517
1975
23534
8543
1163
11279
60672
25819
5971
9324
59284
80824
51575
91057
10528
5264
9767
124995
653604
55
65003
221981
51514
57664
306
23446
23286
345462
55723
54962
29781
115703
64359
256435
157313
27300
6183
162966
7753
22800
342892
9235
23521
51451
9322
8187
1915
55320
84515
100272216
221711
10460
25807
112840
4772
25886
5888
57484
170959
163786
51729
84798
64763
81571
9317
79781
1382
2175
64288
9909
83855
10721
84079
56992
9133
4591
51588
4781
4913
1308
3038
158056
29998
100133331
333932
126961
5359
113655
642
56919
4869
57695
170394
1802
5357
8531
149986
26528
1454
79596
399474
51082
4744
1952
80063
9516
291
230
692312
79993
80179
7832
51490
3159
4665
84172
65095
83732
25769
25888
64949
9825
7307
100505624
23294
400927
10898
151230
10793
84319
51754
10085
415116
80221
5538
3385
6573
79726
51296
91373
84549
23101
57095
57161
51582
64762
6608
4851
3609
2033
55971
1062
7988
645
60436
9687
84078
23528
727851
4048
25885
25989
23524
23526
388272
1375
1525
9688
4796
10140
23513
145748
51268
23007
8660
59307
9567
84930
10797
223082
54994
149233
55905
8340
2010
84273
148398
5184
6132
64795
114876
54874
55151
51184
23250
115708
117178
83480
10250
30811
1736
23657
6202
51076
56342
84937
109
399665
51678
7916
6154
10723
84722
55646
292
55089
9013
339044
3295
27085
51042
23309
114783
151507
285368
677766
57690
4839
8462
26256
65975
63926
90007
9232
101060200
57333
10921
8745
56949
3178
284040
26354
140735
9918
57693
197407
84148
22893
64425
4141
79018
22984
8662
60491
9910
6942
51053
5664
254428
85235
3008
23649
196403
2011
400451
10297
29965
1528
100526832
4691
80010
84954
56913
8570
55794
23476
4001
11148
2542
55172
29087
26135
124245
23629
10327
7205
9860
79631
51421
55159
54892
57666
221504
100505761
2189
7554
3182
3185
9984
359948
11273
8289
84650
84905
22794
65992
57171
10403
55636
11157
100507373
200424
4217
9585
81890
91695
29763
1503
27244
283455
10278
57592
84135
22909
55731
158158
134637
9546
7486
5411
51015
23211
80306
29941
26061
9203
54815
51203
8345
9094
873
5316
2936
55352
57478
1662
3661
401237
26053
133
3326
22824
23403
112724
6579
162963
22882
23246
10985
125488
81607
6904
100507424
83667
84303
7913
8908
55225
3833
4150
440193
441454
8353
7153
65109
7280
23163
27201
113263
387103
3329
8828
7443
1643
91272
5111
27075
8346
58527
170960
5501
158399
23511
2648
56848
5976
25929
84266
645513
25862
163227
54938
63977
1399
5725
54865
10664
51025
84289
54801
10313
54929
163071
339500
8502
79647
84446
54491
8525
126567
5830
