Pos      	Q0       	Q1       	Q2       	Q3       	Q4       	Q5       	Q6       	Q7       	Q8       	Q9       	Q10      	Q11      	Q12      	Q13      	Q14      	Q15      	Q16      	Q17      	Q18      	Q19      	Q20      	Q21      	Q22      	Q23      	Q24      	Q25      	Q26      	Q27      	Q28      	Q29      	Q30      	Q31      	Q32      	Q33      	Q34      	Q35      	Q36      	Q37      	Q38      	Q39      	Q40      	Q41      	Mean	Median	Lower quartile	Upper quartile	10thpercentile	90thpercentile
1        	2463     	495      	1346     	2814     	4715     	7603     	12159    	17085    	20033    	24987    	31921    	41303    	52766    	70392    	84825    	99403    	117338   	138471   	166509   	199636   	230406   	266673   	309592   	359279   	417261   	487053   	565403   	661438   	775934   	916241   	1084400  	1283154  	1519482  	1798788  	2114258  	2445464  	2771565  	3032029  	3105992  	2917962  	4511067  	0        	33.88    	36.00    	31.00    	38.00    	26.00    	40.00    
2        	499      	245      	664      	1499     	2384     	3911     	5756     	8164     	11848    	16768    	23742    	32788    	43765    	60490    	75674    	92734    	113466   	137038   	169877   	208157   	245908   	287270   	337148   	394550   	457656   	533472   	620261   	716431   	825578   	954245   	1103242  	1272510  	1465892  	1690571  	1948875  	2226061  	2519688  	2786471  	2963282  	2952184  	5358941  	0        	33.95    	36.00    	31.00    	39.00    	26.00    	40.00    
3        	47855    	1494     	2492     	2532     	2835     	4020     	5774     	7965     	11006    	14922    	20803    	28508    	38294    	53164    	67793    	83311    	102898   	127644   	159886   	197575   	235400   	280100   	330384   	390191   	457843   	534475   	623650   	726094   	838830   	969405   	1120827  	1291350  	1487379  	1712184  	1960604  	2230628  	2506214  	2752337  	2903734  	2884609  	5452696  	0        	33.94    	36.00    	31.00    	39.00    	26.00    	40.00    
4        	314      	122      	441      	794      	1228     	2256     	3926     	5854     	8974     	12777    	18638    	26494    	36242    	51314    	66064    	83372    	103479   	129340   	163394   	203131   	242891   	287912   	341903   	404014   	473373   	553829   	646361   	749401   	863916   	995744   	1144385  	1313039  	1503679  	1717882  	1950030  	2202231  	2455071  	2682872  	2824256  	2820414  	5578348  	0        	33.95    	36.00    	31.00    	39.00    	26.00    	40.00    
5        	344      	94       	283      	644      	1048     	1909     	3178     	4980     	7466     	11159    	16549    	24049    	33422    	47430    	61658    	78508    	99462    	126161   	161003   	202563   	242399   	292026   	346274   	411625   	482323   	563176   	658248   	763726   	881729   	1015554  	1165369  	1333886  	1519163  	1728192  	1956119  	2198149  	2439309  	2655800  	2794371  	2790581  	5549776  	0        	33.92    	35.00    	31.00    	39.00    	26.00    	40.00    
6        	277      	66       	250      	486      	877      	1641     	2735     	4372     	6739     	10258    	15396    	22026    	31641    	44948    	59277    	76215    	98671    	125598   	160019   	201427   	244520   	294661   	350725   	416924   	490848   	577042   	671203   	777961   	898506   	1034274  	1182820  	1352503  	1538493  	1742715  	1965887  	2203573  	2437746  	2642390  	2770701  	2757240  	5456054  	0        	33.88    	35.00    	31.00    	39.00    	26.00    	40.00    
7        	6506     	480      	995      	1421     	1723     	2730     	3986     	5770     	7793     	10767    	15097    	21388    	29572    	42849    	55837    	72305    	92307    	117700   	151887   	192179   	233196   	282558   	337461   	400500   	473365   	558443   	651672   	758532   	877055   	1009859  	1157914  	1321579  	1506051  	1711903  	1932695  	2168531  	2414535  	2637074  	2798303  	2831772  	5773415  	0        	34.02    	36.00    	31.00    	39.00    	26.00    	40.00    
8        	123      	67       	239      	462      	851      	1636     	2677     	4354     	6646     	9786     	14940    	21690    	30794    	43574    	57510    	75056    	96884    	124256   	159476   	202096   	247064   	298244   	357076   	425215   	501235   	586692   	686219   	793839   	914749   	1047052  	1194893  	1358540  	1539768  	1737342  	1950530  	2180273  	2405547  	2602415  	2729563  	2720259  	5540073  	0        	33.86    	35.00    	31.00    	39.00    	25.00    	40.00    
9        	17948    	3849     	5736     	5640     	5030     	5146     	5520     	6785     	8690     	12300    	17335    	24604    	34069    	50102    	65505    	83759    	106227   	134165   	170304   	214853   	258775   	311769   	371075   	440186   	516450   	603614   	699272   	805644   	923246   	1054391  	1197562  	1353782  	1526155  	1711120  	1909911  	2120983  	2324107  	2510050  	2634437  	2652955  	5766654  	0        	33.74    	35.00    	31.00    	39.00    	25.00    	40.00    
10       	4147     	102      	249      	503      	1288     	3710     	5478     	6829     	8932     	12168    	17584    	24876    	34785    	50210    	66256    	84035    	108315   	137308   	176565   	224205   	269305   	321762   	383307   	452410   	530924   	618758   	718056   	824756   	946252   	1076722  	1220564  	1376879  	1549449  	1732194  	1928565  	2134437  	2332225  	2506426  	2612848  	2604700  	5561621  	0        	33.66    	35.00    	30.00    	38.00    	25.00    	40.00    
11       	2727     	105      	356      	670      	1258     	2169     	3581     	5592     	8554     	12693    	18686    	26905    	37423    	52634    	69573    	89632    	114189   	145123   	183541   	232056   	280339   	336310   	398448   	472092   	552988   	641449   	741337   	849898   	967446   	1098999  	1241235  	1393911  	1558538  	1735985  	1921865  	2113836  	2293594  	2447966  	2544635  	2533087  	5538280  	0        	33.55    	35.00    	30.00    	38.00    	25.00    	40.00    
12       	150      	110      	283      	574      	1092     	1873     	3110     	4879     	7429     	11190    	16557    	24380    	34166    	47981    	63999    	83831    	108234   	138197   	177334   	223923   	272216   	328070   	392045   	465592   	546762   	636396   	736563   	845985   	966612   	1100431  	1240990  	1397581  	1563838  	1742615  	1930931  	2125084  	2311351  	2471444  	2569327  	2559203  	5517377  	0        	33.61    	35.00    	30.00    	38.00    	25.00    	40.00    
13       	221911   	669      	1489     	2361     	3050     	4151     	5562     	7480     	10420    	14225    	20487    	28723    	39677    	57529    	75506    	95668    	120286   	152722   	193128   	242151   	290821   	346304   	411247   	484422   	562645   	650707   	750980   	856021   	972491   	1098383  	1236260  	1384368  	1540326  	1711785  	1885051  	2071136  	2243646  	2393402  	2484139  	2468840  	5529536  	0        	33.23    	35.00    	30.00    	38.00    	24.00    	40.00    
14       	266      	121      	289      	597      	1103     	2269     	3684     	5785     	8661     	12641    	18853    	27621    	38466    	54621    	71992    	93093    	118114   	150113   	191611   	241630   	291853   	348787   	414122   	486480   	570294   	661794   	761553   	872280   	991176   	1119538  	1257946  	1410630  	1570886  	1739584  	1918982  	2100022  	2273158  	2420275  	2502009  	2483920  	5432886  	0        	33.44    	35.00    	30.00    	38.00    	25.00    	40.00    
15       	203      	92       	261      	610      	1174     	1984     	3353     	5168     	8251     	12090    	18396    	26409    	36744    	52296    	69334    	90003    	116428   	148293   	190050   	238916   	290121   	347733   	415858   	489387   	571983   	665543   	768531   	878598   	999029   	1129040  	1266996  	1419980  	1581953  	1750705  	1927226  	2108361  	2276257  	2416217  	2494672  	2471206  	5380254  	0        	33.43    	35.00    	30.00    	38.00    	25.00    	40.00    
16       	166      	129      	332      	652      	1196     	2221     	3779     	5913     	8672     	13123    	19213    	27625    	38881    	54712    	71573    	93239    	119502   	152046   	194625   	244815   	295306   	354447   	420820   	496541   	579115   	672579   	774374   	885508   	1005744  	1138288  	1275195  	1424226  	1581939  	1751032  	1926037  	2102293  	2266349  	2402266  	2475992  	2445819  	5343421  	0        	33.38    	35.00    	30.00    	38.00    	25.00    	40.00    
17       	190      	132      	365      	710      	1325     	2387     	4121     	6368     	9681     	14126    	20807    	29851    	41541    	58598    	76937    	98719    	125913   	160403   	202889   	253845   	306400   	365889   	431771   	506797   	590534   	686041   	784966   	897541   	1015951  	1144862  	1281444  	1429741  	1584300  	1751280  	1918521  	2088428  	2243289  	2371351  	2438036  	2406745  	5316910  	0        	33.29    	35.00    	30.00    	38.00    	24.00    	40.00    
18       	214      	144      	401      	799      	1525     	2832     	4523     	6942     	10741    	15609    	22761    	32548    	44708    	62439    	82064    	103916   	133157   	167286   	211253   	263583   	316406   	376950   	445236   	521063   	604194   	695870   	798685   	907886   	1026665  	1152268  	1288728  	1431039  	1583652  	1743352  	1908948  	2068354  	2221472  	2342309  	2404793  	2373376  	5291014  	0        	33.21    	35.00    	30.00    	38.00    	24.00    	40.00    
19       	217      	124      	396      	831      	1458     	2727     	4411     	6873     	10344    	14982    	22244    	31863    	43814    	61302    	81136    	103569   	131916   	166058   	210470   	262989   	316315   	376879   	444882   	522000   	605524   	698692   	800489   	911599   	1029647  	1158256  	1293876  	1439715  	1592411  	1751514  	1914009  	2076264  	2224689  	2345366  	2402362  	2365670  	5241822  	0        	33.20    	35.00    	30.00    	38.00    	24.00    	40.00    
20       	199045   	643      	1300     	1821     	2495     	3928     	6017     	8675     	12466    	18013    	25907    	35951    	49335    	69383    	90271    	113267   	142806   	177480   	223006   	275961   	330203   	388303   	455881   	532778   	616259   	706932   	805804   	913938   	1028888  	1152967  	1283769  	1426115  	1573856  	1726588  	1882525  	2036868  	2177883  	2287318  	2340309  	2296718  	5248033  	0        	32.88    	35.00    	29.00    	38.00    	24.00    	40.00    
21       	222      	176      	487      	970      	1714     	3325     	5321     	8125     	11993    	17584    	25450    	35282    	48904    	67983    	88711    	112114   	142013   	177303   	222448   	275766   	329768   	391788   	461126   	537049   	622218   	715368   	817879   	927383   	1045493  	1172716  	1306399  	1449200  	1599436  	1754559  	1910743  	2064226  	2203863  	2309101  	2356257  	2307823  	5141419  	0        	33.06    	35.00    	29.00    	38.00    	24.00    	40.00    
22       	17864    	454      	990      	1759     	2668     	4253     	6638     	9780     	13908    	19954    	28754    	39973    	54077    	76782    	98634    	124592   	154017   	192101   	238887   	295254   	349425   	410527   	479082   	556582   	639880   	732222   	831931   	938561   	1053860  	1178163  	1307106  	1445035  	1591024  	1739011  	1886775  	2030965  	2166551  	2263915  	2306114  	2253897  	5127740  	0        	32.90    	34.00    	29.00    	38.00    	24.00    	40.00    
23       	2554     	689      	1457     	2198     	3376     	5059     	7875     	11333    	16059    	22736    	32204    	44100    	59404    	81151    	103303   	128748   	160738   	197857   	245543   	302015   	357023   	418556   	488540   	566202   	648527   	741439   	843296   	949924   	1063846  	1187146  	1316100  	1451284  	1593577  	1739132  	1884925  	2023621  	2151693  	2243976  	2278904  	2221853  	5071742  	0        	32.83    	34.00    	29.00    	38.00    	24.00    	40.00    
24       	275      	230      	681      	1404     	2597     	4682     	7589     	11327    	16520    	23125    	33277    	46185    	61601    	83449    	107197   	132998   	165810   	203612   	251149   	307792   	362941   	425109   	494453   	569808   	655937   	748056   	847887   	952563   	1070323  	1191902  	1321422  	1457391  	1596347  	1739974  	1884059  	2023864  	2145180  	2234012  	2266122  	2207078  	5013777  	0        	32.78    	34.00    	29.00    	38.00    	23.00    	40.00    
25       	293      	307      	828      	1691     	3008     	5345     	8460     	12875    	18608    	25699    	36390    	49939    	66351    	89752    	113891   	140912   	173678   	212569   	261769   	317666   	372665   	436351   	504743   	581991   	666735   	757916   	855470   	963180   	1075646  	1196699  	1320544  	1454432  	1592282  	1733627  	1873350  	2006160  	2122911  	2209419  	2239746  	2176448  	4989359  	0        	32.69    	34.00    	29.00    	38.00    	23.00    	40.00    
26       	618      	576      	1646     	3439     	5840     	10304    	15334    	21564    	29935    	39177    	50406    	64910    	82663    	109844   	132262   	157272   	186931   	222876   	265074   	314138   	369616   	430864   	502320   	578201   	663079   	754032   	855078   	962235   	1071588  	1192128  	1320704  	1454060  	1592136  	1733419  	1869123  	2003542  	2115684  	2194286  	2218440  	2150279  	4924082  	0        	32.56    	34.00    	29.00    	38.00    	23.00    	40.00    
27       	899      	685      	1894     	3788     	6753     	11590    	17358    	24195    	32826    	43585    	56331    	71467    	89505    	118098   	142017   	167014   	197377   	233646   	276128   	325402   	382443   	444574   	513644   	590045   	674698   	764058   	863176   	968076   	1078460  	1197017  	1323946  	1451894  	1587004  	1723920  	1856944  	1984916  	2095356  	2168802  	2184020  	2117536  	4878618  	0        	32.44    	34.00    	29.00    	38.00    	23.00    	40.00    
28       	646      	750      	2121     	4150     	7320     	12494    	18733    	26131    	34947    	46097    	59336    	75438    	93866    	123960   	147707   	172989   	204822   	240577   	284145   	332400   	388058   	450445   	519868   	596141   	679571   	769531   	868550   	972608   	1082968  	1201397  	1326813  	1454971  	1588588  	1723813  	1855341  	1977442  	2083729  	2154576  	2162103  	2089367  	4835196  	0        	32.36    	34.00    	28.00    	38.00    	23.00    	40.00    
29       	802      	846      	2370     	4717     	8273     	13862    	20683    	28632    	38220    	49534    	64052    	80449    	100017   	130670   	155936   	181744   	213075   	250008   	292751   	342736   	397859   	462624   	531484   	606096   	690410   	778824   	877592   	980308   	1089540  	1207169  	1328487  	1455875  	1583630  	1713839  	1846018  	1964236  	2063706  	2125783  	2132431  	2057483  	4796934  	0        	32.26    	34.00    	28.00    	38.00    	22.00    	40.00    
30       	51100    	1204     	3078     	5941     	9698     	15982    	23310    	31554    	41033    	53096    	66991    	83884    	104558   	136764   	162632   	188509   	219730   	256645   	299376   	350584   	405837   	468246   	536595   	614120   	695837   	785584   	882878   	985451   	1095884  	1209127  	1332179  	1455888  	1586998  	1716759  	1841487  	1956778  	2050304  	2107256  	2104715  	2022369  	4709744  	0        	32.11    	34.00    	28.00    	38.00    	22.00    	40.00    
31       	658      	995      	2684     	5181     	9185     	15679    	22931    	32027    	42563    	55353    	70712    	88271    	108373   	141115   	167243   	193467   	226374   	264063   	305693   	356714   	414132   	477150   	545221   	621920   	703676   	794762   	891968   	994512   	1103367  	1218199  	1341020  	1464956  	1588097  	1717520  	1837748  	1948585  	2036402  	2085747  	2079878  	1995238  	4700326  	0        	32.10    	34.00    	28.00    	38.00    	22.00    	40.00    
32       	10625    	2320     	5111     	8303     	12404    	19245    	27081    	36063    	47273    	60115    	75430    	93811    	115257   	150084   	177755   	203786   	235748   	272976   	317434   	368260   	424157   	486300   	556299   	632117   	714564   	802984   	898012   	998243   	1104807  	1217397  	1335457  	1454651  	1578790  	1701690  	1818488  	1924173  	2009337  	2054472  	2048952  	1962432  	4707302  	0        	31.97    	34.00    	28.00    	38.00    	22.00    	40.00    
33       	857      	1120     	3151     	6113     	11007    	18444    	27472    	37856    	49905    	63270    	80069    	99282    	121861   	157023   	185047   	211188   	244523   	282081   	325303   	376958   	432165   	494714   	562592   	641572   	721319   	809540   	903758   	1005722  	1112929  	1226951  	1344663  	1464762  	1584395  	1707901  	1819594  	1926151  	2004678  	2044129  	2030943  	1940910  	4587787  	0        	31.89    	34.00    	28.00    	38.00    	22.00    	40.00    
34       	909      	1317     	3538     	7105     	12041    	20366    	30033    	40567    	53868    	68332    	85993    	105842   	128904   	164721   	192474   	220770   	254155   	293089   	337140   	387723   	445296   	507395   	577620   	652809   	734817   	822739   	915211   	1015027  	1118817  	1231144  	1345305  	1463223  	1580835  	1695342  	1807025  	1904198  	1975610  	2013264  	1990743  	1898280  	4566118  	0        	31.77    	33.00    	28.00    	38.00    	21.00    	40.00    
35       	1090     	1301     	3655     	6998     	12124    	20557    	30287    	41466    	53769    	69013    	85486    	106664   	129239   	165897   	194078   	221385   	254200   	292748   	338452   	387977   	445928   	509698   	578431   	653402   	735918   	824839   	918303   	1019096  	1126416  	1234676  	1352603  	1468354  	1584612  	1703808  	1814641  	1905839  	1981288  	2012356  	1990644  	1891074  	4501393  	0        	31.74    	33.00    	28.00    	38.00    	21.00    	40.00    
36       	1025     	1517     	4110     	7897     	13729    	22998    	33823    	46475    	60041    	76295    	94306    	116148   	140122   	178617   	208370   	235798   	269430   	308721   	353614   	405269   	461288   	525700   	593539   	668241   	750476   	836322   	929178   	1029552  	1129980  	1238229  	1349215  	1461817  	1575873  	1687827  	1789708  	1879868  	1944066  	1973157  	1946286  	1848127  	4472951  	0        	31.58    	33.00    	27.00    	38.00    	21.00    	40.00    
37       	56792    	2488     	5771     	10043    	15713    	25363    	35825    	48034    	62136    	77630    	97093    	118144   	142264   	182275   	213737   	240065   	273907   	313081   	357308   	409316   	465284   	529258   	597031   	671885   	754033   	841302   	933890   	1031724  	1135413  	1241540  	1351472  	1464909  	1576899  	1688034  	1784890  	1870705  	1930261  	1952260  	1919795  	1814764  	4427371  	0        	31.46    	33.00    	27.00    	37.00    	21.00    	40.00    
38       	1346     	1856     	4866     	9247     	15823    	27080    	39272    	52409    	67722    	85214    	105412   	128942   	153496   	195315   	226105   	254568   	289067   	328654   	374749   	423769   	483447   	545128   	614589   	689957   	769463   	855853   	946789   	1042966  	1144308  	1248218  	1356632  	1466142  	1572293  	1676600  	1770561  	1852498  	1901917  	1920346  	1880259  	1776346  	4370481  	0        	31.35    	33.00    	27.00    	37.00    	20.00    	40.00    
39       	1219     	1932     	5296     	9951     	17320    	28768    	41932    	56093    	72045    	90074    	111379   	134736   	160650   	203381   	234598   	263515   	299473   	339481   	384048   	436579   	493585   	555760   	625402   	699678   	781323   	864903   	954390   	1052482  	1149382  	1254248  	1358515  	1462496  	1568080  	1667239  	1759515  	1832959  	1879933  	1893660  	1851048  	1745735  	4326902  	0        	31.24    	33.00    	27.00    	37.00    	20.00    	40.00    
40       	1862     	2070     	5316     	10496    	17778    	29762    	43355    	58156    	74923    	94001    	115350   	140136   	165809   	210600   	243458   	271730   	306587   	346572   	392128   	443974   	500027   	564839   	634680   	709118   	787253   	872609   	962229   	1057567  	1154284  	1254927  	1358781  	1464134  	1564945  	1661649  	1748305  	1817381  	1860416  	1868998  	1825245  	1716967  	4311288  	0        	31.15    	33.00    	27.00    	37.00    	20.00    	40.00    
41       	1572     	2153     	5581     	10755    	18310    	31103    	45011    	60003    	77637    	96937    	118908   	143515   	170608   	215603   	247592   	276843   	311455   	352211   	398233   	450938   	507707   	571576   	640780   	714837   	796063   	880101   	971092   	1063441  	1164729  	1263962  	1364951  	1467588  	1567795  	1659153  	1745983  	1813445  	1848224  	1849569  	1799263  	1691373  	4253105  	0        	31.07    	33.00    	27.00    	37.00    	20.00    	40.00    
42       	68806    	2753     	6902     	12858    	20929    	35631    	50801    	67851    	85765    	105722   	128204   	154229   	181291   	228328   	263061   	292215   	327346   	367878   	414056   	465625   	522280   	584131   	653674   	726090   	801850   	886168   	974500   	1061569  	1159117  	1253872  	1350753  	1449739  	1544004  	1636387  	1715593  	1777906  	1810976  	1814863  	1763166  	1656638  	4246178  	0        	30.85    	33.00    	26.00    	37.00    	19.00    	40.00    
43       	146228   	3465     	8420     	15200    	24125    	38397    	53587    	70262    	89060    	110172   	132633   	156953   	184801   	233633   	268161   	297448   	331919   	373182   	418557   	469391   	526476   	589058   	656501   	729684   	805786   	887936   	975376   	1064472  	1160449  	1254373  	1353430  	1448867  	1541891  	1626150  	1703218  	1758462  	1789247  	1782257  	1730681  	1619589  	4240208  	0        	30.70    	32.00    	26.00    	37.00    	19.00    	40.00    
44       	1625     	2628     	6705     	13365    	22350    	37127    	54538    	72302    	92551    	114460   	139308   	165966   	195363   	246340   	280846   	310226   	345665   	386357   	433248   	483897   	543490   	605453   	675017   	746469   	824838   	906888   	992251   	1082260  	1176573  	1269170  	1362684  	1456311  	1545829  	1624742  	1698245  	1748505  	1772804  	1761907  	1705884  	1597016  	4168502  	0        	30.71    	32.00    	26.00    	37.00    	19.00    	40.00    
45       	1887     	2788     	7457     	14632    	24456    	40754    	58769    	77786    	98242    	122126   	147397   	174876   	204996   	256322   	290809   	321839   	356864   	398839   	445176   	497045   	553877   	616641   	685371   	757064   	833113   	914825   	999561   	1087773  	1179475  	1268482  	1361393  	1450303  	1538783  	1617085  	1681539  	1728172  	1750876  	1734508  	1673675  	1564713  	4129416  	0        	30.57    	32.00    	26.00    	37.00    	19.00    	40.00    
46       	1842     	2731     	7715     	14545    	24447    	41679    	59970    	80178    	100638   	124854   	151129   	178274   	210031   	262655   	298215   	328332   	363658   	403516   	451777   	502635   	559783   	622712   	690077   	760387   	837544   	919810   	1002910  	1091068  	1179804  	1274780  	1362184  	1451128  	1536688  	1615130  	1676303  	1721615  	1741413  	1723250  	1657859  	1546118  	4090321  	0        	30.51    	32.00    	26.00    	37.00    	19.00    	40.00    
47       	5947     	3076     	8256     	15643    	26120    	44417    	63135    	84135    	106791   	131441   	158603   	186654   	218042   	272489   	309874   	338878   	373681   	415221   	460741   	512728   	570839   	632570   	700101   	768754   	845958   	925950   	1007982  	1095708  	1185439  	1273930  	1361052  	1448091  	1526673  	1601929  	1664226  	1703095  	1718536  	1697627  	1630573  	1516956  	4057844  	0        	30.38    	32.00    	25.00    	37.00    	19.00    	40.00    
48       	51412    	3270     	8877     	16729    	27933    	46039    	66154    	87350    	110924   	136216   	163468   	193695   	225093   	281391   	318534   	348768   	384743   	425023   	472435   	522915   	580146   	642378   	707954   	778716   	854445   	932998   	1014985  	1098327  	1182819  	1268761  	1355510  	1436191  	1513624  	1582777  	1640199  	1678040  	1690954  	1666651  	1601506  	1491813  	4059942  	0        	30.24    	32.00    	25.00    	37.00    	18.00    	40.00    
49       	4669     	3118     	8420     	16418    	27685    	46780    	66607    	88846    	112392   	138267   	165633   	195833   	227879   	285760   	322046   	351659   	388115   	428529   	474856   	526987   	584689   	647029   	712889   	784664   	859065   	937387   	1019598  	1104724  	1190733  	1277977  	1362340  	1445514  	1521395  	1590116  	1645675  	1682663  	1690268  	1663069  	1595686  	1478734  	3994991  	0        	30.23    	32.00    	25.00    	37.00    	18.00    	40.00    
50       	2161     	3176     	8700     	16784    	28980    	49370    	70625    	93738    	119259   	146891   	174980   	206387   	239912   	300666   	339099   	370146   	404772   	446552   	494331   	548242   	604846   	668248   	733890   	806366   	882826   	962101   	1043041  	1126495  	1211322  	1296720  	1378485  	1452490  	1524246  	1582289  	1624229  	1646304  	1642584  	1609413  	1538775  	1427578  	3842686  	0        	30.00    	32.00    	25.00    	37.00    	18.00    	40.00    
Clean Quality Value Distribute
Pos      	Q0       	Q1       	Q2       	Q3       	Q4       	Q5       	Q6       	Q7       	Q8       	Q9       	Q10      	Q11      	Q12      	Q13      	Q14      	Q15      	Q16      	Q17      	Q18      	Q19      	Q20      	Q21      	Q22      	Q23      	Q24      	Q25      	Q26      	Q27      	Q28      	Q29      	Q30      	Q31      	Q32      	Q33      	Q34      	Q35      	Q36      	Q37      	Q38      	Q39      	Q40      	Q41      	Mean	Median	Lower quartile	Upper quartile	10thpercentile	90thpercentile
1        	2442     	495      	1346     	2814     	4715     	7602     	12157    	17081    	20030    	24986    	31918    	41300    	52751    	70383    	84808    	99387    	117303   	138436   	166467   	199583   	230337   	266580   	309487   	359147   	417111   	486829   	565153   	661104   	775513   	915719   	1083687  	1282222  	1518332  	1797565  	2112783  	2443858  	2769945  	3030194  	3104281  	2916343  	4507697  	0        	33.88    	36.00    	31.00    	38.00    	26.00    	40.00    
2        	497      	245      	664      	1499     	2383     	3911     	5756     	8164     	11847    	16768    	23738    	32784    	43759    	60487    	75663    	92727    	113448   	137017   	169849   	208142   	245884   	287236   	337103   	394483   	457585   	533374   	620150   	716297   	825397   	954021   	1102955  	1272157  	1465395  	1689959  	1948017  	2224992  	2518299  	2784678  	2960991  	2949605  	5351965  	0        	33.95    	36.00    	31.00    	39.00    	25.00    	40.00    
3        	47824    	1494     	2491     	2532     	2834     	4019     	5773     	7963     	11001    	14920    	20799    	28499    	38283    	53147    	67766    	83285    	102866   	127597   	159827   	197507   	235317   	280004   	330269   	390054   	457662   	534242   	623416   	725788   	838455   	968986   	1120333  	1290732  	1486587  	1711345  	1959614  	2229421  	2504847  	2750806  	2901985  	2882807  	5446794  	0        	33.94    	36.00    	31.00    	39.00    	26.00    	40.00    
4        	308      	122      	441      	794      	1227     	2256     	3925     	5853     	8971     	12772    	18634    	26487    	36237    	51302    	66050    	83347    	103457   	129304   	163352   	203072   	242802   	287848   	341792   	403893   	473218   	553619   	646120   	749086   	863521   	995283   	1143835  	1312357  	1502843  	1716910  	1948952  	2200791  	2453360  	2680887  	2822117  	2818339  	5574407  	0        	33.95    	36.00    	31.00    	39.00    	26.00    	40.00    
5        	337      	94       	283      	644      	1048     	1908     	3178     	4977     	7465     	11155    	16539    	24043    	33415    	47417    	61638    	78479    	99428    	126094   	160941   	202466   	242285   	291893   	346075   	411408   	482062   	562852   	657838   	763252   	881200   	1014938  	1164596  	1333014  	1518090  	1726972  	1954712  	2196642  	2437685  	2654042  	2792719  	2789103  	5546964  	0        	33.92    	35.00    	31.00    	39.00    	26.00    	40.00    
6        	269      	66       	250      	485      	874      	1637     	2735     	4366     	6732     	10243    	15379    	21995    	31614    	44902    	59212    	76154    	98576    	125506   	159870   	201246   	244316   	294420   	350428   	416572   	490434   	576616   	670712   	777408   	897879   	1033509  	1181983  	1351580  	1537444  	1741543  	1964585  	2202183  	2436417  	2640993  	2769391  	2756051  	5453316  	0        	33.88    	35.00    	31.00    	39.00    	26.00    	40.00    
7        	6495     	479      	994      	1421     	1723     	2729     	3985     	5764     	7790     	10752    	15077    	21366    	29539    	42789    	55759    	72215    	92201    	117541   	151679   	191929   	232926   	282221   	337096   	400100   	472895   	557835   	651006   	757823   	876282   	1008968  	1156959  	1320551  	1505001  	1710755  	1931577  	2167334  	2413305  	2635947  	2797242  	2830779  	5771062  	0        	34.02    	36.00    	31.00    	39.00    	26.00    	40.00    
8        	116      	67       	239      	462      	850      	1635     	2677     	4353     	6645     	9785     	14937    	21683    	30787    	43564    	57494    	75035    	96859    	124215   	159430   	202018   	246978   	298116   	356946   	425078   	501061   	586420   	685931   	793505   	914300   	1046543  	1194292  	1357825  	1538901  	1736354  	1949439  	2178931  	2404057  	2600730  	2727752  	2718397  	5535484  	0        	33.86    	35.00    	31.00    	39.00    	25.00    	40.00    
9        	17941    	3847     	5736     	5638     	5029     	5144     	5519     	6783     	8688     	12298    	17329    	24598    	34062    	50091    	65483    	83734    	106201   	134133   	170254   	214784   	258699   	311655   	370937   	440042   	516263   	603409   	698993   	805323   	922833   	1053908  	1197004  	1353121  	1525375  	1710159  	1908719  	2119683  	2322608  	2508416  	2632569  	2651148  	5761735  	0        	33.74    	35.00    	31.00    	39.00    	25.00    	40.00    
10       	4130     	102      	249      	503      	1287     	3708     	5477     	6826     	8929     	12161    	17574    	24864    	34774    	50184    	66212    	84003    	108258   	137237   	176463   	224084   	269144   	321602   	383071   	452154   	530604   	618396   	717601   	824223   	945701   	1076080  	1219806  	1376009  	1548435  	1731095  	1927309  	2133143  	2330756  	2504877  	2611323  	2603263  	5558274  	0        	33.66    	35.00    	30.00    	38.00    	25.00    	40.00    
11       	2717     	105      	356      	669      	1258     	2169     	3581     	5589     	8552     	12686    	18679    	26900    	37411    	52616    	69546    	89594    	114149   	145054   	183459   	231971   	280240   	336172   	398274   	471905   	552758   	641163   	740966   	849485   	966979   	1098450  	1240557  	1393200  	1557734  	1735029  	1920724  	2112569  	2292236  	2446436  	2542963  	2531357  	5533633  	0        	33.55    	35.00    	30.00    	38.00    	25.00    	40.00    
12       	140      	110      	283      	574      	1092     	1873     	3110     	4878     	7423     	11186    	16548    	24369    	34145    	47957    	63960    	83777    	108164   	138101   	177231   	223777   	272031   	327857   	391760   	465263   	546359   	635924   	736075   	845373   	965917   	1099673  	1240112  	1396662  	1562767  	1741454  	1929673  	2123692  	2309983  	2470005  	2567974  	2557935  	5514704  	0        	33.61    	35.00    	30.00    	38.00    	25.00    	40.00    
13       	221887   	669      	1489     	2361     	3049     	4150     	5560     	7480     	10416    	14223    	20479    	28713    	39657    	57500    	75467    	95624    	120242   	152643   	193011   	241993   	290640   	346096   	410997   	484129   	562297   	650322   	750493   	855472   	971872   	1097662  	1235441  	1383416  	1539292  	1710659  	1883788  	2069851  	2242301  	2391912  	2482749  	2467480  	5526409  	0        	33.23    	35.00    	30.00    	38.00    	24.00    	40.00    
14       	250      	121      	289      	597      	1103     	2269     	3683     	5784     	8659     	12638    	18849    	27609    	38453    	54605    	71964    	93066    	118078   	150045   	191535   	241527   	291709   	348627   	413905   	486228   	569996   	661396   	761102   	871761   	990566   	1118884  	1257185  	1409753  	1569873  	1738443  	1917717  	2098666  	2271632  	2418837  	2500503  	2482510  	5429474  	0        	33.44    	35.00    	30.00    	38.00    	25.00    	40.00    
15       	194      	92       	260      	610      	1174     	1980     	3347     	5165     	8245     	12085    	18380    	26388    	36709    	52247    	69268    	89924    	116344   	148176   	189899   	238738   	289892   	347446   	415497   	488976   	571520   	664996   	767941   	877942   	998248   	1128204  	1266105  	1418985  	1580864  	1749468  	1926002  	2107061  	2274987  	2415036  	2493469  	2470175  	5377852  	0        	33.43    	35.00    	30.00    	38.00    	25.00    	40.00    
16       	147      	129      	332      	650      	1195     	2220     	3779     	5911     	8670     	13119    	19201    	27609    	38866    	54686    	71540    	93206    	119440   	151972   	194535   	244690   	295132   	354259   	420587   	496247   	578720   	672182   	773902   	884942   	1005123  	1137589  	1274421  	1423306  	1580911  	1749862  	1924765  	2100931  	2264970  	2400774  	2474581  	2444547  	5340243  	0        	33.38    	35.00    	30.00    	38.00    	25.00    	40.00    
17       	183      	132      	365      	710      	1324     	2387     	4119     	6362     	9671     	14110    	20785    	29829    	41497    	58548    	76875    	98631    	125804   	160263   	202737   	253627   	306169   	365590   	431449   	506406   	590125   	685524   	784407   	896904   	1015224  	1144068  	1280621  	1428786  	1583262  	1750250  	1917442  	2087281  	2242080  	2370130  	2436883  	2405626  	5313705  	0        	33.29    	35.00    	30.00    	38.00    	24.00    	40.00    
18       	196      	144      	401      	796      	1523     	2827     	4511     	6930     	10718    	15582    	22727    	32498    	44639    	62343    	81942    	103779   	132952   	167070   	211003   	263283   	316036   	376559   	444770   	520522   	603621   	695243   	797971   	907090   	1025880  	1151386  	1287844  	1430074  	1582650  	1742340  	1907851  	2067299  	2220462  	2341355  	2403908  	2372588  	5288578  	0        	33.21    	35.00    	30.00    	38.00    	24.00    	40.00    
19       	201      	124      	396      	831      	1454     	2725     	4408     	6869     	10336    	14962    	22221    	31831    	43768    	61238    	81044    	103466   	131797   	165878   	210227   	262701   	316015   	376454   	444440   	521468   	604870   	697951   	799702   	910785   	1028752  	1157289  	1292765  	1438601  	1591324  	1750309  	1912814  	2075150  	2223624  	2344369  	2401544  	2364960  	5240228  	0        	33.20    	35.00    	30.00    	38.00    	24.00    	40.00    
20       	198887   	643      	1299     	1821     	2494     	3927     	6013     	8673     	12463    	18006    	25896    	35941    	49305    	69353    	90233    	113211   	142721   	177358   	222861   	275813   	329991   	388027   	455575   	532414   	615854   	706468   	805231   	913278   	1028189  	1152139  	1282860  	1425068  	1572736  	1725360  	1881235  	2035491  	2176596  	2285984  	2339023  	2295680  	5245774  	0        	32.88    	35.00    	29.00    	38.00    	24.00    	40.00    
21       	195      	176      	486      	970      	1714     	3324     	5314     	8119     	11982    	17571    	25425    	35249    	48875    	67933    	88641    	112018   	141902   	177154   	222277   	275571   	329480   	391520   	460760   	536653   	621797   	714844   	817269   	926722   	1044736  	1171845  	1305465  	1448183  	1598323  	1753338  	1909486  	2062956  	2202581  	2307879  	2355068  	2306836  	5139254  	0        	33.06    	35.00    	29.00    	38.00    	24.00    	40.00    
22       	17833    	454      	989      	1759     	2668     	4250     	6636     	9778     	13902    	19938    	28730    	39940    	54019    	76705    	98543    	124472   	153868   	191907   	238659   	294951   	349060   	410074   	478560   	555949   	639188   	731418   	831021   	937537   	1052840  	1176983  	1305906  	1443730  	1589822  	1737817  	1885688  	2029984  	2165723  	2263202  	2305521  	2253451  	5126416  	0        	32.90    	34.00    	29.00    	38.00    	24.00    	40.00    
23       	2526     	689      	1454     	2193     	3368     	5046     	7855     	11318    	16019    	22684    	32146    	44015    	59287    	80990    	103122   	128541   	160510   	197593   	245215   	301588   	356594   	418048   	487979   	565592   	647853   	740721   	842489   	949113   	1062995  	1186238  	1315140  	1450336  	1592606  	1738112  	1883932  	2022678  	2150814  	2243145  	2278144  	2221261  	5069942  	0        	32.83    	34.00    	29.00    	38.00    	24.00    	40.00    
24       	241      	228      	678      	1401     	2592     	4673     	7567     	11299    	16485    	23067    	33214    	46096    	61496    	83291    	106998   	132798   	165583   	203347   	250811   	307428   	362510   	424675   	493941   	569240   	655321   	747384   	847146   	951799   	1069526  	1191086  	1320496  	1456490  	1595408  	1739040  	1883109  	2022982  	2144266  	2233103  	2265357  	2206333  	5011386  	0        	32.78    	34.00    	29.00    	38.00    	23.00    	40.00    
25       	258      	306      	822      	1686     	2997     	5328     	8434     	12850    	18560    	25632    	36307    	49827    	66218    	89594    	113669   	140642   	173403   	212223   	261349   	317177   	372168   	435804   	504134   	581329   	665988   	757179   	854666   	962358   	1074774  	1195819  	1319581  	1453467  	1591363  	1732735  	1872427  	2005298  	2122134  	2208705  	2239131  	2175955  	4987594  	0        	32.69    	34.00    	29.00    	38.00    	23.00    	40.00    
26       	509      	576      	1645     	3435     	5839     	10298    	15327    	21549    	29914    	39145    	50360    	64863    	82610    	109761   	132159   	157162   	186771   	222712   	264866   	313883   	369311   	430497   	501894   	577709   	662562   	753469   	854380   	961495   	1070754  	1191213  	1319714  	1453073  	1591037  	1732304  	1867971  	2002384  	2114554  	2193174  	2217515  	2149402  	4922095  	0        	32.56    	34.00    	29.00    	38.00    	23.00    	40.00    
27       	804      	683      	1893     	3785     	6752     	11581    	17346    	24181    	32805    	43547    	56284    	71408    	89423    	118012   	141901   	166864   	197231   	233469   	275892   	325155   	382163   	444227   	513254   	589606   	674162   	763520   	862541   	967378   	1077662  	1196212  	1323080  	1450868  	1585951  	1722834  	1855841  	1983786  	2094272  	2167698  	2183008  	2116618  	4876194  	0        	32.44    	34.00    	29.00    	38.00    	23.00    	40.00    
28       	530      	747      	2118     	4141     	7297     	12455    	18654    	26028    	34834    	45960    	59166    	75173    	93609    	123647   	147340   	172602   	204419   	240161   	283641   	331864   	387514   	449866   	519232   	595465   	678856   	768822   	867774   	971862   	1082132  	1200578  	1326013  	1454170  	1587787  	1723042  	1854612  	1976745  	2083083  	2154005  	2161593  	2088934  	4833420  	0        	32.37    	34.00    	28.00    	38.00    	23.00    	40.00    
29       	668      	844      	2367     	4713     	8260     	13847    	20655    	28596    	38167    	49481    	63971    	80374    	99925    	130558   	155779   	181589   	212887   	249796   	292468   	342411   	397507   	462214   	531030   	605593   	689847   	778195   	876920   	979551   	1088711  	1206265  	1327548  	1454880  	1582613  	1712707  	1844955  	1963135  	2062662  	2124881  	2131560  	2056749  	4795012  	0        	32.26    	34.00    	28.00    	38.00    	22.00    	40.00    
30       	50945    	1202     	3076     	5935     	9688     	15963    	23293    	31529    	40998    	53056    	66930    	83777    	104450   	136640   	162482   	188336   	219541   	256380   	299079   	350218   	405438   	467816   	536120   	613583   	695202   	784920   	882098   	984631   	1095019  	1208191  	1331200  	1454899  	1585921  	1715748  	1840493  	1955743  	2049292  	2106380  	2103918  	2021672  	4708089  	0        	32.12    	34.00    	28.00    	38.00    	22.00    	40.00    
31       	505      	995      	2683     	5179     	9180     	15664    	22914    	32003    	42534    	55303    	70655    	88198    	108287   	141001   	167100   	193304   	226192   	263841   	305435   	356409   	413753   	476782   	544772   	621466   	703131   	794129   	891284   	993776   	1102556  	1217345  	1340070  	1463977  	1587052  	1716379  	1836737  	1947477  	2035333  	2084711  	2078910  	1994426  	4698443  	0        	32.10    	34.00    	28.00    	38.00    	22.00    	40.00    
32       	10445    	2320     	5103     	8292     	12389    	19221    	27037    	35988    	47185    	60023    	75320    	93651    	115097   	149869   	177494   	203528   	235451   	272602   	317051   	367810   	423686   	485771   	555667   	631488   	713895   	802285   	897234   	997447   	1103930  	1216491  	1334557  	1453704  	1577846  	1700840  	1817561  	1923327  	2008591  	2053739  	2048308  	1961910  	4705738  	0        	31.98    	34.00    	28.00    	38.00    	22.00    	40.00    
33       	696      	1119     	3148     	6102     	10989    	18418    	27439    	37805    	49843    	63198    	79975    	99160    	121713   	156843   	184868   	210975   	244252   	281805   	324978   	376595   	431722   	494261   	562066   	641016   	720696   	808830   	902971   	1004922  	1112101  	1226073  	1343743  	1463767  	1583474  	1706894  	1818677  	1925147  	2003776  	2043335  	2030223  	1940256  	4586020  	0        	31.89    	34.00    	28.00    	38.00    	22.00    	40.00    
34       	726      	1314     	3534     	7099     	12036    	20342    	30013    	40543    	53823    	68292    	85930    	105762   	128809   	164609   	192344   	220621   	253987   	292887   	336899   	387439   	444970   	507000   	577225   	652338   	734310   	822158   	914558   	1014291  	1118083  	1230331  	1344457  	1462283  	1579823  	1694281  	1805904  	1903168  	1974520  	2012203  	1989727  	1897373  	4563879  	0        	31.77    	33.00    	28.00    	38.00    	21.00    	40.00    
35       	896      	1301     	3646     	6993     	12110    	20537    	30266    	41436    	53735    	68954    	85413    	106589   	129122   	165749   	193939   	221189   	253992   	292506   	338178   	387643   	445555   	509260   	578011   	652861   	735297   	824202   	917610   	1018364  	1125579  	1233817  	1351683  	1467386  	1583565  	1702780  	1813608  	1904745  	1980311  	2011435  	1989811  	1890354  	4499463  	0        	31.74    	33.00    	28.00    	38.00    	21.00    	40.00    
36       	810      	1517     	4109     	7887     	13718    	22979    	33795    	46447    	60005    	76248    	94245    	116072   	140006   	178477   	208226   	235623   	269227   	308462   	353323   	404976   	460940   	525303   	593107   	667740   	749922   	835698   	928508   	1028800  	1129149  	1237302  	1348275  	1460815  	1574778  	1686763  	1788630  	1878798  	1942996  	1972175  	1945383  	1847366  	4471291  	0        	31.58    	33.00    	27.00    	38.00    	21.00    	40.00    
37       	56559    	2483     	5765     	10039    	15703    	25342    	35802    	48005    	62082    	77576    	97015    	118063   	142169   	182137   	213579   	239891   	273709   	312863   	357055   	409024   	464959   	528854   	596601   	671356   	753420   	840690   	933196   	1030985  	1134563  	1240637  	1350559  	1463889  	1575909  	1686951  	1783839  	1869597  	1929219  	1951269  	1918899  	1813967  	4425671  	0        	31.46    	33.00    	27.00    	37.00    	21.00    	40.00    
38       	1131     	1856     	4861     	9239     	15809    	27059    	39230    	52374    	67667    	85125    	105338   	128829   	153351   	195166   	225911   	254373   	288838   	328384   	374473   	423458   	483049   	544713   	614112   	689444   	768875   	855267   	946137   	1042290  	1143532  	1247425  	1355776  	1465234  	1571335  	1675568  	1769614  	1851575  	1900957  	1919402  	1879403  	1775504  	4368207  	0        	31.35    	33.00    	27.00    	37.00    	20.00    	40.00    
39       	1006     	1931     	5286     	9948     	17297    	28743    	41910    	56055    	71998    	90007    	111292   	134642   	160541   	203218   	234420   	263315   	299223   	339224   	383753   	436218   	493195   	555318   	624928   	699091   	780729   	864197   	953692   	1051688  	1148558  	1253319  	1357529  	1461452  	1567048  	1666184  	1758495  	1831958  	1878979  	1892812  	1850255  	1745104  	4325333  	0        	31.24    	33.00    	27.00    	37.00    	20.00    	40.00    
40       	1627     	2066     	5312     	10483    	17760    	29716    	43296    	58082    	74813    	93887    	115210   	139925   	165628   	210342   	243149   	271447   	306238   	346233   	391728   	443513   	499572   	564344   	634122   	708558   	786654   	871881   	961526   	1056850  	1153552  	1254146  	1358041  	1463320  	1564149  	1660827  	1747510  	1816648  	1859644  	1868279  	1824596  	1716327  	4308890  	0        	31.15    	33.00    	27.00    	37.00    	20.00    	40.00    
41       	1346     	2152     	5576     	10742    	18297    	31077    	44954    	59907    	77528    	96814    	118740   	143333   	170359   	215308   	247253   	276445   	311046   	351773   	397719   	450354   	507060   	570877   	640009   	713981   	795234   	879171   	970155   	1062522  	1163783  	1263059  	1364074  	1466759  	1567006  	1658449  	1745376  	1812860  	1847693  	1849159  	1798892  	1691084  	4251965  	0        	31.07    	33.00    	27.00    	37.00    	20.00    	40.00    
42       	68490    	2753     	6900     	12845    	20906    	35590    	50753    	67786    	85676    	105627   	128081   	154105   	181127   	228135   	262853   	291973   	327092   	367600   	413709   	465244   	521880   	583695   	653173   	725489   	801256   	885513   	973837   	1060878  	1158302  	1253061  	1349916  	1448837  	1543095  	1635405  	1714644  	1777016  	1810078  	1814062  	1762356  	1655922  	4244231  	0        	30.85    	33.00    	26.00    	37.00    	19.00    	40.00    
43       	145952   	3463     	8416     	15187    	24097    	38363    	53530    	70205    	88982    	110064   	132507   	156781   	184605   	233394   	267893   	297144   	331532   	372804   	418159   	468948   	525974   	588513   	655917   	729075   	805101   	887174   	974620   	1063669  	1159592  	1253512  	1352517  	1447958  	1541051  	1625295  	1702397  	1757647  	1788528  	1781618  	1730085  	1619076  	4238546  	0        	30.70    	32.00    	26.00    	37.00    	19.00    	40.00    
44       	1389     	2625     	6699     	13359    	22336    	37104    	54499    	72241    	92489    	114372   	139216   	165849   	195212   	246159   	280645   	309992   	345376   	386080   	432922   	483521   	543068   	605006   	674520   	745951   	824289   	906222   	991562   	1081525  	1175755  	1268333  	1361758  	1455420  	1544883  	1623806  	1697250  	1747643  	1771934  	1761061  	1705130  	1596292  	4166398  	0        	30.71    	32.00    	26.00    	37.00    	19.00    	40.00    
45       	1628     	2784     	7446     	14619    	24432    	40716    	58724    	77735    	98164    	122016   	147269   	174739   	204827   	256111   	290585   	321589   	356567   	398539   	444814   	496681   	553460   	616191   	684871   	756518   	832554   	914176   	998808   	1087062  	1178710  	1267677  	1360558  	1449404  	1537929  	1616173  	1680646  	1727222  	1750020  	1733668  	1672939  	1564011  	4127309  	0        	30.57    	32.00    	26.00    	37.00    	19.00    	40.00    
46       	1613     	2729     	7708     	14532    	24429    	41635    	59907    	80106    	100545   	124745   	150988   	178120   	209848   	262440   	297952   	328076   	363341   	403156   	451399   	502233   	559390   	622206   	689559   	759838   	836936   	919168   	1002171  	1090354  	1179015  	1273991  	1361371  	1450329  	1535840  	1614255  	1675402  	1720820  	1740588  	1722502  	1657153  	1545478  	4088023  	0        	30.51    	32.00    	26.00    	37.00    	19.00    	40.00    
47       	5708     	3070     	8250     	15623    	26094    	44372    	63065    	84049    	106679   	131316   	158459   	186466   	217867   	272249   	309567   	338562   	373385   	414864   	460329   	512286   	570394   	632035   	699573   	768189   	845326   	925273   	1007277  	1094912  	1184671  	1273144  	1360218  	1447205  	1525786  	1601077  	1663366  	1702281  	1717746  	1696890  	1629861  	1516369  	4056038  	0        	30.38    	32.00    	25.00    	37.00    	19.00    	40.00    
48       	51124    	3268     	8871     	16718    	27921    	46012    	66112    	87284    	110850   	136150   	163383   	193597   	224938   	281223   	318317   	348606   	384524   	424781   	472143   	522557   	579760   	641966   	707534   	778217   	853880   	932435   	1014353  	1097623  	1182111  	1267996  	1354698  	1435298  	1512711  	1581831  	1639208  	1677030  	1690018  	1665669  	1600593  	1490962  	4057619  	0        	30.24    	32.00    	25.00    	37.00    	18.00    	40.00    
49       	4431     	3117     	8416     	16408    	27669    	46753    	66554    	88780    	112315   	138171   	165510   	195710   	227734   	285577   	321823   	351418   	387826   	428216   	474500   	526607   	584239   	646553   	712386   	784124   	858444   	936735   	1018914  	1103970  	1189909  	1277154  	1361508  	1444653  	1520484  	1589197  	1644794  	1681771  	1689455  	1662225  	1594935  	1478066  	3992840  	0        	30.23    	32.00    	25.00    	37.00    	18.00    	40.00    
50       	1904     	3175     	8690     	16768    	28965    	49329    	70576    	93668    	119169   	146777   	174843   	206216   	239725   	300436   	338859   	369900   	404508   	446197   	493989   	547853   	604402   	667748   	733346   	805792   	882207   	961408   	1042288  	1125731  	1210506  	1295932  	1377661  	1451587  	1523356  	1581354  	1623315  	1645446  	1641712  	1608639  	1538072  	1426881  	3840961  	0        	30.00    	32.00    	25.00    	37.00    	18.00    	40.00    
