27023
8363
120237
100303491
100130155
654835
56751
55843
283106
5076
728689
6218
7471
100288346
100131213
100526737
6818
118427
145165
53630
57689
85569
100532736
340784
150209
100533183
401428
399753
120796
553158
440925
392197
7478
3199
100130476
100534612
123624
5999
100132287
187
63915
3219
81025
284312
653781
100533105
158055
7412
100526825
4604
2982
3213
9745
91752
100533483
4009
2018
5649
64093
57758
8788
6656
389058
2043
7545
5080
7450
5992
55079
389549
22943
6900
167826
9839
340419
154860
5077
4825
388419
135398
4908
60495
79776
30062
129804
92293
7025
1007
4004
11141
286183
388015
4915
2487
84858
6496
8822
387914
50624
5602
40
80000
4133
25891
4990
64211
79825
5453
26011
221833
5013
170302
153469
124925
1602
1271
5396
169792
91653
8038
25925
84519
8854
7026
28316
4684
286204
157753
56936
7704
27133
145258
80217
9355
399
1879
10842
1902
11166
5325
400658
5454
400043
2662
390992
80036
5104
134111
827
167410
8820
29114
777
84628
5308
11211
55504
94030
151126
2203
51176
63876
8857
54207
79971
80818
266727
2048
56129
165186
285175
84870
63982
6660
7162
4212
494470
4036
100132215
80319
92162
124602
24147
57172
4920
58480
56963
54997
10234
387856
9901
166614
56141
26050
7855
2162
4900
79192
2913
2173
26040
5457
10873
116328
81029
10123
5168
63976
729665
762
7021
80206
347730
283659
644943
147495
2892
2571
441150
729873
220359
794
1047
100170841
2737
1463
84125
84536
901
477
219527
387640
139221
112464
3756
57332
1947
389799
220930
887
54437
3902
6096
91584
3488
144699
2583
4330
1946
9865
1281
9671
9953
4242
6422
89932
4135
286151
347475
139728
157807
10418
221481
503569
1821
3676
7852
2253
2039
54331
2066
100507057
3768
148898
80139
140469
400685
5015
5629
1768
26047
55084
56896
5608
8350
57348
1912
377630
145270
460
644353
7479
10810
25791
100526835
8325
3745
220441
56098
84439
11247
56341
80726
9638
8503
23767
9379
2200
273
5764
650
55796
202658
387509
5800
144571
2619
200162
727
8357
7480
290
5806
2846
55733
89796
100507351
1009
978
219736
159371
10018
8359
4986
414918
4884
8326
286223
55885
8321
2983
8825
8681
27239
5507
163115
154043
84915
57030
337873
285962
55568
9965
23127
4897
642423
347689
55222
1381
84206
100132352
401115
8814
23213
2157
2535
4487
5376
440823
6935
114815
2904
100534012
23263
41
6252
8351
79633
414152
6535
5742
55779
1809
2649
387597
100506844
728577
5063
93589
8358
3352
56675
23670
25864
100130519
6664
1005
121227
145853
525
8471
26267
5990
400793
56977
221662
140578
11248
8968
91966
202374
79683
25999
5783
220382
59353
8332
3109
126823
26508
23412
3955
439994
6604
26018
10586
2903
8355
388
55130
5156
339829
3037
124961
56920
201191
130132
386757
5081
1756
284076
11098
4843
4602
11013
143686
257019
29907
199920
10003
440896
2978
112476
117166
51286
8329
148741
8507
23635
80274
7546
51333
9722
55619
7091
653604
3084
26610
9537
221191
1102
333932
126961
64801
8366
56145
760
54413
285375
646903
1501
56146
6487
56100
441208
9658
94015
84466
8828
56097
54768
10265
220108
122616
283643
710
57537
348110
89876
23625
19
23366
8444
22881
268
9369
8790
11281
6330
2192
55366
8356
84940
8335
56265
283518
51046
321
444
57722
7761
84814
8991
22865
219854
643641
9576
23142
54549
8850
8340
114795
55026
6662
155382
1952
90249
2114
5889
6585
10628
5596
3746
79006
151827
143425
57060
23114
55693
84630
55855
54510
7185
374875
54453
9211
55534
340075
80243
9788
29964
386627
9915
1641
114900
80212
29915
90102
252995
53947
55289
8362
79625
7773
8339
23284
11117
8370
554313
10817
8368
5176
51209
23220
6092
8347
51560
1618
3678
723790
8337
56125
643911
56128
3757
2719
8353
23145
285704
85235
114794
57406
90025
1181
7629
114928
53340
8342
22924
55506
57507
6299
389813
283177
8313
54932
9091
56126
1183
89792
4094
84316
23179
84867
57414
2053
100129794
29128
9037
10098
2781
2138
5224
130827
8334
51684
441631
2045
23331
80758
7846
91461
8345
64101
83872
79937
2941
1000
10846
64785
245812
57452
79175
10743
85416
4661
4016
83988
9515
57643
26137
50649
23321
100271927
375704
8343
317749
26153
4857
201181
57526
200150
10297
1901
6781
2944
84080
25956
8506
222553
9723
138050
51071
203069
54923
2869
79712
84260
9162
1280
57336
8346
91409
100526783
8969
56099
1305
84749
1815
6490
284069
4916
7263
2630
6609
23135
8365
126792
21
961
222663
728855
730101
6511
114880
79573
79022
8367
80055
138716
55070
63035
79739
27324
8294
8364
8330
79822
400818
4776
389792
54492
80310
79906
92691
58190
53826
128077
53
89891
441381
9256
90594
84733
6536
4692
30819
66000
2548
84939
9228
64759
8425
26835
347240
83692
56131
140876
58473
4867
4610
8336
26149
1010
147912
7060
63920
113179
284273
83538
60680
728841
4232
5763
255877
6091
2842
8354
128434
78994
200895
116113
171023
8536
9920
3996
27253
4038
374655
3017
54839
283070
8128
84900
3012
151887
11230
287
154467
84681
4440
199745
89894
114822
134353
283337
100288077
171425
121504
2146
4300
79845
6023
143458
100533496
8971
55038
83992
80164
22795
9149
65990
51097
85236
83394
3005
92104
9423
10278
23314
56998
677768
57048
317772
387036
89853
333
79037
2968
64753
84988
7567
3007
5581
23007
1027
6919
25946
388336
27245
8629
11094
9508
8349
3014
2882
11153
6519
113246
10013
64743
25979
728294
9278
22866
4853
5890
283248
155066
200942
80034
162968
29104
128312
389741
84058
5598
10129
440689
54550
23632
100272228
222696
78990
6657
55672
11159
23362
89927
11270
79047
143279
1136
127703
161436
8361
10608
2047
79817
114785
8693
9679
100527963
54328
56124
840
23194
64319
8360
54541
8331
55520
146542
7128
23452
23208
3959
84327
23329
4638
112752
10468
5802
3750
389610
92285
23090
322
57176
55766
219654
100532732
729085
5287
284116
9672
84071
84173
6060
26869
26865
26870
26866
26871
26863
55081
283455
57684
404217
6235
7067
79414
389524
9620
23500
22846
57037
149076
57561
648
177
196294
60490
150737
201514
116412
1579
388630
770
8405
6843
8348
55663
441518
8398
10827
93210
6764
10396
144348
27145
131616
582
100533184
9289
8907
64221
6506
22903
55954
55230
201255
11258
7760
90120
28956
1831
4128
8443
92979
10949
8479
1143
128854
133396
1288
57653
80071
56952
57026
55760
285971
728392
80764
20
2736
90135
220002
153571
6666
26053
23424
11174
643763
182
6663
5210
414216
6720
57717
4355
55745
64744
89801
56121
729540
9064
2592
91754
79734
442524
401720
27429
8341
7045
339483
54970
89884
6423
7046
338
56917
9486
90736
256435
2027
7474
85315
8913
63979
22979
126299
10251
122416
10868
91947
3006
54749
57482
79671
90075
8535
118672
23054
90525
64428
5001
4325
9577
4708
7511
3009
85463
22875
56261
93058
79831
4171
9645
5727
100533107
100289388
84920
23312
3008
114784
124637
9911
59342
26035
56120
93109
115509
80023
83442
64772
81849
7621
55723
51626
201725
85407
5326
9764
56999
2139
25809
10654
90324
55260
9832
57520
100532735
338799
57106
23283
81563
6468
51659
79751
784
57685
4045
5066
8642
79896
81928
378708
112399
25850
8263
56132
55089
91404
27130
5789
6015
284004
10747
92017
164633
51282
1787
728661
730094
316
404093
8317
1628
57683
23201
79656
23564
7976
54059
115817
8216
57594
219790
92815
84747
124540
85359
10548
196500
55683
91689
9481
55450
5098
4885
23580
55290
80194
4925
126133
81926
2542
23229
84059
10641
56105
286257
389421
92002
84302
8338
81576
58491
7389
84826
5090
7035
57580
10572
23033
55170
5295
10126
84131
55244
2970
7802
115557
124583
8462
9881
55601
9099
5991
26025
80148
1797
51147
3257
56890
80070
79867
114991
317762
8819
7786
27153
1373
26864
100312957
284217
5914
2176
55295
57540
64403
11016
79720
6907
55565
7090
9997
54478
10025
5069
10220
201973
57727
7001
7564
9401
7447
57523
79096
26768
607
125050
54946
23567
126129
90780
7390
3782
26958
51310
29942
122060
84695
283232
400680
92999
1203
3298
146880
6448
51091
7556
215
10139
694
114327
171423
23089
201161
54828
84530
22871
140467
153090
8303
58525
374946
2650
9873
221443
9627
4919
10629
1796
2581
1841
9069
56946
389541
200312
55701
9696
5125
11093
338427
3490
207107
219287
96626
2919
9235
100534592
645520
641702
100528018
2587
144347
3670
4070
57369
4922
64063
126767
7379
574036
3624
641700
10345
4681
151835
255130
6318
9023
80177
6317
51442
100529215
6406
7857
1030
4620
9729
4071
3754
85329
51411
3242
168400
10516
3363
25790
126755
5032
653390
399823
653269
441294
728194
1758
84808
9630
642366
5155
133
51301
3248
114788
8553
541471
205860
3763
54742
6374
6696
25805
116441
2625
301
27063
64123
100506013
4354
11096
220
1490
64284
3569
3489
857
51314
390010
4311
6926
1295
2246
57595
56934
1029
4217
3936
2353
6997
56961
29842
91419
112597
1012
138255
306
343578
203447
124739
390
50617
9429
139716
2118
3397
7145
8403
53335
108
6000
7099
5054
28983
5317
8061
9518
100130275
2034
147111
302
9413
1303
5272
9547
26585
27092
72
7020
9148
5350
2591
1620
33
7475
4781
1746
9750
3166
643650
10769
51384
93649
344167
134285
7041
9052
1003
3491
943
6281
341277
3932
54996
3759
4254
1301
9201
154141
51083
4023
26509
23629
6751
4907
58498
439965
9249
651746
54757
4072
22822
165257
161145
4616
285016
286
126917
387119
960
3753
29995
399717
375033
81848
84069
1906
4879
2925
2354
2984
5734
100033420
5583
793
100616234
1410
256691
55679
91607
860
11033
93010
100288181
3709
10319
1026
22824
353345
8835
5017
688
861
118738
27022
8787
7225
2494
23624
22829
5366
388610
80852
205
642587
100462977
127707
55647
51330
8870
5919
388135
7006
100462981
65266
94025
100130967
631
140893
54507
9573
55008
26052
7139
9502
7291
100131138
79152
2568
64787
100628315
5142
5621
7425
5791
11343
1848
84189
55040
56937
2119
1545
27233
91522
10587
64073
79977
7057
2702
346171
2895
79890
26353
2624
9674
84889
7980
3400
117245
283
121601
70
84000
645864
199713
10893
84627
389023
1312
1917
114
221981
4092
7052
139411
79923
3875
642273
90634
414236
251
3909
51196
3898
152273
80183
1277
5328
2113
9452
408
3642
6546
728495
5420
8673
1794
6262
146439
165679
6876
2810
10863
11187
1512
55106
1837
4488
54596
83894
223075
5798
23057
128218
5924
5794
23550
345079
6769
10622
84448
255104
2645
3291
652
5460
26038
1636
3778
63898
8501
92291
7277
139189
22854
255488
64856
5337
79156
928
11095
8490
8174
26468
11145
11031
11061
146433
23034
2706
27231
2313
84433
8120
8911
3855
9424
157695
84879
716
4008
79642
116984
153163
3635
1296
22996
7430
57822
869
169200
1290
240
1910
9421
2012
80005
8522
26064
55240
50487
1366
790952
1364
5797
3270
9244
100507064
57158
43
5923
3856
171489
1747
8829
2303
29108
282996
161291
26010
158158
151647
64218
1404
646
6768
63910
79083
2052
1942
5493
23612
53904
7360
26112
11135
50650
8877
1839
84441
54566
201799
392399
2335
26578
8794
10631
91614
5352
4155
8871
26049
64859
333926
57565
8291
1847
1299
63978
6457
115701
10397
7070
4624
151871
84935
113452
25841
2300
6515
3720
7262
6461
863
58495
29785
2321
349408
55561
2308
10164
114780
348093
5269
51191
3801
7473
27350
2016
4015
57447
8470
2247
51363
8437
23108
1999
1264
10395
8974
266743
128344
2558
1750
8792
5154
54502
100874249
2261
9945
283576
2886
5159
10053
100533955
339263
3787
100463486
10346
50619
100033433
29119
2000
10555
27293
144811
197259
92359
84159
51760
602
113146
144195
29763
81832
23072
9383
9411
144501
347731
6498
7039
85477
6695
3976
57541
1268
2171
5480
100033418
57509
9066
100188947
11148
1038
57502
3775
51232
5652
1911
115572
10630
8612
10045
7429
8224
2028
4000
10178
55616
23237
284207
51454
1995
6282
23576
148113
10266
202
10157
117247
79698
800
55357
163404
9048
3628
9586
58
55107
91179
6277
8737
1001
8532
79627
1690
54704
7068
57380
54206
1113
284119
157627
2318
2908
1958
153020
11162
10186
23338
84034
23037
83850
54843
50861
100505817
56256
387590
22936
100885779
100288413
114569
1604
23336
113828
3098
3691
5495
5010
57646
22836
3106
59277
161582
143903
8797
1272
56241
2827
9021
7718
2906
54020
3675
3897
114757
2041
8433
55803
10610
230
79674
54796
54836
7168
23242
347694
10544
80004
64236
23025
999
2644
9603
10085
25825
8407
647859
22929
79026
338440
57556
311
132864
307
9844
3680
285203
5359
254887
57636
9053
8239
11221
5139
5228
4703
6035
53358
283987
23143
57574
54084
84451
81846
22800
652995
54532
92737
1465
22837
5318
558
4193
5618
781
119587
170850
79805
60312
441151
136332
23348
253650
123036
51421
170394
23308
55966
1263
94122
64129
5074
27165
10950
441459
10153
81607
6387
10398
57211
114884
7436
84645
11167
25977
138151
11240
54845
718
53829
9760
5144
6697
22898
7086
57110
11322
7414
147968
84918
64377
3382
26751
93663
7010
6560
6998
8140
4313
55753
246175
117531
162966
644068
60676
51085
11217
59307
100506071
7161
639
64386
57575
4326
51361
1606
128102
202333
23136
8123
26051
3716
58512
116496
79623
54102
8601
23406
100653515
22874
7127
7754
51422
9951
5413
4860
3620
4059
10049
2562
4739
64168
146330
91133
4067
862
25849
81893
64393
126695
91373
548596
91768
441250
27132
284581
27106
9124
4148
5829
9200
2239
610
822
158326
9564
51390
55332
7378
6622
5777
6595
28231
170958
64866
221037
2152
4861
78997
4277
467
7538
11075
374618
1767
57228
8076
7004
9497
56913
51575
347746
79767
56180
10071
304
79958
116535
9435
57139
2004
627
6385
11040
1969
100534593
124402
1294
2678
84740
88
114294
9208
55088
27201
8406
50484
3249
22978
6899
140809
3725
7040
84570
481
122953
7114
3880
26020
284837
7403
51347
2222
10451
221002
23129
23043
949
374383
219699
65997
8492
8604
3315
55959
80315
56924
160418
1728
2288
5358
1308
4642
100033438
8609
100133941
10973
493861
7697
2803
8754
80237
29068
57530
57628
2861
3927
81
100507412
25996
9780
6566
400655
5315
8651
3672
9466
388182
9446
2762
4091
80704
4741
56034
63027
9284
60401
134265
9871
29761
8615
404550
23195
3688
3664
131474
8928
89797
7804
51065
22927
729747
100505385
100128553
5638
10058
100506085
10253
1734
5021
3918
120114
81606
121256
2744
4306
81618
657
4053
84708
3911
132299
55337
84959
100507043
22941
3336
23779
64834
145624
353189
7022
729830
51633
7975
90993
164832
56704
27241
9414
121536
2232
8411
9909
54989
10848
9388
6678
399844
9762
3157
4199
84891
7464
26220
338645
4744
51569
26232
3162
85377
6713
4147
10207
9188
5236
1119
3673
6692
1307
6542
9020
85444
3977
29106
100129534
170690
389
92558
118788
6337
4814
4609
9648
9445
3399
4942
26136
158219
116843
56660
378832
29775
255738
6611
340526
115548
79705
94097
55224
55902
10308
445815
10602
23345
100616209
55211
644019
3419
22856
27242
2867
26996
5872
6737
23607
654364
6897
5167
7005
355
146857
1612
51400
163259
401577
53827
4065
27000
29993
8682
57460
6665
6238
2961
9910
55196
30851
8842
64285
3329
10133
9531
10447
6607
3653
7763
1293
4179
843
8793
4139
3895
54961
84144
4804
201176
678
103910
442213
1824
1740
5163
203427
3422
2525
5782
80014
9060
23592
55034
64116
100499405
1112
84669
10217
283299
8611
100505583
25992
25819
5780
51564
9314
647024
7013
376267
100874126
144165
2674
79987
284611
259173
23189
5820
65981
30812
9754
11147
116931
94274
8926
9282
100874171
79768
9532
1832
9699
1956
92973
83716
3707
79660
79632
286177
64651
261729
727851
57125
6001
2264
3988
254427
1789
7465
2258
50808
22821
143872
26354
100033425
27113
8826
56975
6801
148398
642799
8645
1718
81553
2317
9933
4323
150094
1462
666
1040
9427
10802
90874
54407
79031
7869
4851
51144
162394
2060
2170
9934
10021
87
1730
4162
79960
5915
55237
134429
493860
6917
7402
114799
80781
124976
7169
23198
10678
727957
57333
5045
27244
132671
18
8803
3589
85461
338657
79677
771
84101
1004
84168
91624
100506990
54869
51291
4093
60488
4835
3516
134218
23645
10954
84952
375743
1292
7791
6446
80003
221895
4675
65983
3915
4627
81537
339122
3956
8531
440028
6854
100506195
