Pos      	Q0       	Q1       	Q2       	Q3       	Q4       	Q5       	Q6       	Q7       	Q8       	Q9       	Q10      	Q11      	Q12      	Q13      	Q14      	Q15      	Q16      	Q17      	Q18      	Q19      	Q20      	Q21      	Q22      	Q23      	Q24      	Q25      	Q26      	Q27      	Q28      	Q29      	Q30      	Q31      	Q32      	Q33      	Q34      	Q35      	Q36      	Q37      	Q38      	Q39      	Q40      	Q41      	Mean	Median	Lower quartile	Upper quartile	10thpercentile	90thpercentile
1        	3020     	28       	100      	255      	581      	1356     	2420     	3875     	5826     	8674     	13291    	20212    	29822    	50672    	63144    	71008    	82624    	98799    	120138   	144938   	164695   	187946   	216441   	248822   	289408   	336545   	392502   	461101   	544245   	643486   	765745   	913672   	1096822  	1316579  	1583611  	1905654  	2276629  	2664525  	2939295  	2906645  	5471852  	0        	34.80    	36.00    	33.00    	39.00    	27.00    	40.00    
2        	971      	20       	101      	260      	423      	747      	1204     	1848     	2874     	4340     	7146     	10986    	16286    	27154    	35923    	45147    	57946    	75378    	99018    	127916   	153971   	185686   	222485   	265799   	317008   	378530   	451621   	537854   	638132   	760421   	903554   	1069003  	1261898  	1482907  	1728273  	1986271  	2241386  	2448454  	2553823  	2474309  	5469930  	0        	34.63    	36.00    	32.00    	39.00    	27.00    	40.00    
3        	662      	20       	51       	102      	227      	510      	935      	1508     	2437     	3982     	6511     	10447    	15723    	25524    	35394    	46070    	60683    	79449    	105159   	136866   	165614   	201087   	241515   	290572   	347324   	413895   	495039   	585574   	693603   	817411   	964606   	1131526  	1317442  	1526704  	1745563  	1961868  	2153542  	2304944  	2362568  	2291852  	5502494  	0        	34.42    	36.00    	32.00    	39.00    	27.00    	40.00    
4        	591      	18       	48       	92       	211      	517      	998      	1759     	2929     	4673     	7865     	12606    	18804    	30005    	41387    	54210    	71425    	92685    	121799   	157171   	190471   	228950   	274404   	328022   	392889   	464206   	550179   	646747   	757641   	885641   	1028146  	1185984  	1364566  	1555258  	1746544  	1932578  	2090217  	2185683  	2200739  	2090764  	5327581  	0        	34.09    	35.00    	31.00    	39.00    	26.00    	40.00    
5        	388      	20       	33       	88       	152      	454      	853      	1427     	2541     	4131     	7140     	11323    	17250    	27647    	38299    	51122    	67283    	88413    	117517   	152886   	185920   	226182   	272407   	328435   	392053   	466543   	552443   	653015   	766547   	893831   	1038657  	1198596  	1374251  	1560119  	1746281  	1929598  	2084601  	2191249  	2209374  	2108985  	5278949  	0        	34.10    	35.00    	31.00    	39.00    	26.00    	40.00    
6        	371      	9        	26       	55       	136      	375      	816      	1353     	2239     	3724     	6480     	10783    	16087    	26412    	36810    	49086    	65773    	87004    	116715   	151663   	186553   	226912   	275262   	331767   	399601   	475327   	561841   	662035   	775351   	903182   	1045589  	1203460  	1373589  	1550924  	1733250  	1907514  	2069482  	2180865  	2218171  	2126560  	5263851  	0        	34.09    	35.00    	31.00    	39.00    	26.00    	40.00    
7        	341      	8        	26       	57       	107      	295      	580      	1021     	1687     	2665     	4453     	7282     	11153    	18707    	26324    	35511    	48694    	66500    	91700    	122797   	153453   	190206   	234275   	285481   	345940   	414736   	496148   	590342   	697017   	819460   	960504   	1117984  	1298167  	1491805  	1706794  	1931934  	2153066  	2346403  	2461544  	2418705  	5493131  	0        	34.54    	36.00    	32.00    	39.00    	27.00    	40.00    
8        	255      	13       	22       	51       	86       	290      	569      	995      	1736     	3006     	5288     	8532     	13227    	21683    	30633    	41946    	57155    	77147    	104796   	139042   	171142   	211159   	257567   	311110   	373745   	446707   	528700   	624177   	731526   	855864   	992152   	1146644  	1313166  	1500373  	1697323  	1897731  	2088189  	2241542  	2323137  	2272253  	5556324  	0        	34.35    	36.00    	31.00    	39.00    	26.00    	40.00    
9        	284      	5        	24       	56       	133      	322      	638      	1104     	1935     	3298     	5645     	9081     	14045    	22803    	32482    	43617    	59835    	79887    	107485   	142995   	177230   	217734   	264749   	318907   	382800   	455097   	539987   	635729   	745202   	863690   	1001413  	1153273  	1323893  	1504641  	1695902  	1889419  	2069425  	2215949  	2289313  	2235386  	5541590  	0        	34.29    	36.00    	31.00    	39.00    	26.00    	40.00    
10       	306      	30       	56       	129      	282      	655      	1224     	2025     	3370     	5500     	9235     	14506    	22019    	34600    	46771    	61922    	81017    	105468   	138708   	177893   	216188   	260316   	311396   	369743   	439894   	516727   	604531   	701913   	810627   	931085   	1059135  	1201914  	1355570  	1518248  	1685656  	1843448  	1986049  	2080129  	2103454  	2018890  	5326374  	0        	33.84    	35.00    	31.00    	39.00    	25.00    	40.00    
11       	211      	10       	16       	43       	155      	395      	841      	1560     	2666     	4434     	7650     	12520    	19207    	30526    	42420    	56272    	75689    	99356    	130874   	170024   	207823   	251699   	302328   	361763   	428337   	505682   	593055   	689298   	798101   	920635   	1054032  	1201659  	1362968  	1529405  	1698403  	1861620  	1997584  	2091531  	2116873  	2041619  	5377719  	0        	33.93    	35.00    	31.00    	39.00    	26.00    	40.00    
12       	165      	15       	29       	55       	121      	348      	733      	1298     	2142     	3649     	6343     	10076    	15583    	25247    	35559    	48669    	65597    	86742    	117194   	153648   	190247   	232789   	282112   	338143   	404255   	479029   	565248   	660961   	769277   	891550   	1024863  	1174502  	1340389  	1517333  	1704328  	1883158  	2045176  	2163516  	2209438  	2139548  	5457928  	0        	34.13    	35.00    	31.00    	39.00    	26.00    	40.00    
13       	225      	43       	64       	110      	202      	558      	966      	1572     	2700     	4566     	7536     	11856    	18010    	28085    	39435    	52668    	70775    	93596    	124291   	162555   	199680   	243225   	293783   	351791   	418110   	495372   	581102   	677437   	786115   	906495   	1038587  	1185809  	1344317  	1518378  	1695045  	1868376  	2020305  	2130316  	2167092  	2098613  	5407242  	0        	34.02    	35.00    	31.00    	39.00    	26.00    	40.00    
14       	349      	13       	35       	90       	227      	573      	1045     	1828     	3081     	5057     	8495     	13384    	20188    	31006    	43034    	57284    	75471    	99216    	131267   	170290   	208476   	252998   	303793   	363010   	431130   	507313   	593882   	690805   	800701   	920108   	1053826  	1198932  	1357620  	1524595  	1694275  	1854774  	1996510  	2098547  	2129731  	2056325  	5347719  	0        	33.92    	35.00    	31.00    	39.00    	26.00    	40.00    
15       	219      	15       	46       	92       	227      	631      	1223     	2037     	3497     	5602     	9279     	14367    	21357    	33697    	45355    	60616    	79879    	103811   	137117   	178654   	216607   	262130   	314212   	374206   	441723   	518825   	606344   	703284   	811377   	930587   	1061005  	1203149  	1360153  	1521822  	1686460  	1840798  	1973759  	2068305  	2095433  	2023409  	5335694  	0        	33.84    	35.00    	31.00    	39.00    	25.00    	40.00    
16       	317      	22       	82       	147      	291      	753      	1270     	2248     	3715     	6001     	9853     	15275    	23174    	36293    	49156    	64708    	84748    	109660   	144229   	185732   	226315   	270321   	324984   	384418   	452090   	529565   	615945   	711915   	818211   	935631   	1064312  	1207445  	1360008  	1518132  	1681231  	1832545  	1956212  	2047672  	2070312  	1993300  	5308765  	0        	33.76    	35.00    	30.00    	39.00    	25.00    	40.00    
17       	325      	14       	44       	129      	294      	789      	1532     	2647     	4180     	6804     	11033    	16657    	24702    	38129    	52257    	68016    	88703    	113755   	150258   	191995   	232489   	278407   	332783   	394049   	463044   	539922   	626020   	722834   	827636   	946363   	1072862  	1213056  	1366126  	1522972  	1677866  	1823399  	1943115  	2027713  	2039080  	1958563  	5266441  	0        	33.68    	35.00    	30.00    	39.00    	25.00    	40.00    
18       	691      	25       	74       	156      	357      	938      	1867     	3025     	4964     	7916     	12607    	19111    	28235    	44196    	59406    	75831    	96529    	122722   	158450   	203409   	243085   	289886   	342066   	403618   	472734   	550479   	636654   	728491   	835055   	949195   	1076550  	1210715  	1359274  	1512106  	1664487  	1804999  	1919231  	1994599  	2004557  	1930421  	5278292  	0        	33.59    	35.00    	30.00    	39.00    	25.00    	40.00    
19       	1283     	42       	106      	219      	450      	1150     	2173     	3626     	5511     	8865     	13819    	20913    	30739    	46998    	62573    	79823    	101460   	129467   	165743   	211075   	251977   	299149   	352894   	415786   	483205   	561005   	646908   	740278   	842507   	958270   	1084503  	1220669  	1362061  	1510335  	1657058  	1789829  	1896213  	1971542  	1981475  	1904525  	5230779  	0        	33.50    	35.00    	30.00    	39.00    	25.00    	40.00    
20       	782      	37       	105      	238      	498      	1348     	2443     	4201     	6492     	10081    	15771    	23304    	33506    	51200    	67621    	85657    	108191   	136562   	175140   	220950   	263306   	309470   	363647   	425830   	494245   	571028   	657077   	751217   	855419   	966024   	1088225  	1221780  	1362780  	1506697  	1648841  	1774956  	1879063  	1944981  	1950181  	1872640  	5195469  	0        	33.41    	35.00    	30.00    	39.00    	25.00    	40.00    
21       	663      	47       	110      	256      	685      	1629     	2910     	4876     	7414     	11203    	17285    	25825    	36006    	53993    	70778    	88953    	111940   	139948   	178954   	225583   	267245   	315530   	370181   	431103   	500631   	576483   	661148   	755030   	857442   	969539   	1093932  	1224850  	1365077  	1508897  	1648306  	1772181  	1875956  	1934278  	1937855  	1853895  	5148386  	0        	33.35    	35.00    	30.00    	38.00    	24.00    	40.00    
22       	1439     	60       	143      	353      	799      	1858     	3403     	5429     	8502     	12444    	19234    	27723    	39113    	58243    	75569    	93755    	117332   	145778   	184121   	232258   	272652   	321897   	374297   	435142   	503750   	582241   	665744   	758895   	862984   	973060   	1098005  	1230008  	1369018  	1510383  	1646348  	1770419  	1868707  	1929243  	1928572  	1840261  	5077821  	0        	33.28    	35.00    	30.00    	38.00    	24.00    	40.00    
23       	820      	61       	215      	487      	1026     	2490     	4366     	6765     	10205    	15011    	22341    	31911    	44028    	65225    	83479    	103105   	126148   	155658   	195596   	243228   	284484   	332632   	386738   	450448   	517125   	592496   	677800   	770440   	870894   	977996   	1100184  	1226786  	1363254  	1500671  	1630625  	1746533  	1837984  	1895024  	1888612  	1805259  	5078853  	0        	33.16    	35.00    	30.00    	38.00    	24.00    	40.00    
24       	783      	81       	280      	605      	1315     	3178     	5514     	8445     	12606    	18179    	26326    	37403    	50691    	73412    	93959    	113068   	137992   	167782   	208550   	256727   	299127   	347343   	402697   	462264   	530034   	604855   	687527   	778591   	879329   	985704   	1102598  	1226802  	1359587  	1489292  	1615123  	1726002  	1812786  	1862116  	1853481  	1772845  	5032004  	0        	33.02    	35.00    	29.00    	38.00    	24.00    	40.00    
25       	938      	116      	363      	723      	1625     	3784     	6498     	9782     	14248    	20551    	29231    	40949    	54031    	78575    	99277    	119136   	143391   	173481   	214094   	262576   	304047   	351762   	405628   	466591   	532753   	609624   	690234   	782637   	882182   	988231   	1106690  	1229908  	1360528  	1491559  	1616640  	1722303  	1808981  	1856260  	1839269  	1751234  	4976573  	0        	32.95    	34.00    	29.00    	38.00    	24.00    	40.00    
26       	1726     	333      	963      	1968     	4021     	8604     	14108    	20464    	28602    	38433    	50167    	63873    	80409    	114565   	136761   	154184   	175324   	202333   	233419   	270627   	312990   	361318   	414781   	476298   	543354   	617132   	698523   	786907   	883722   	986338   	1098143  	1217811  	1341332  	1464698  	1577978  	1677883  	1755572  	1797284  	1783643  	1702331  	4948081  	0        	32.65    	34.00    	29.00    	38.00    	23.00    	40.00    
27       	1926     	352      	1150     	2321     	4612     	9866     	15849    	22897    	31236    	41815    	54526    	69028    	86663    	122421   	145300   	162247   	184727   	211374   	243387   	279301   	323086   	370837   	426267   	485986   	553122   	625117   	706944   	793356   	889065   	991847   	1101342  	1217473  	1338906  	1456908  	1567445  	1661118  	1735587  	1773755  	1757600  	1673460  	4906784  	0        	32.53    	34.00    	29.00    	38.00    	22.00    	40.00    
28       	1991     	505      	1337     	2822     	5432     	11740    	18523    	26714    	36374    	47837    	61131    	76866    	94743    	132969   	156188   	173733   	195826   	223171   	254343   	291348   	333186   	382309   	435518   	494982   	561814   	633364   	714029   	800337   	894391   	995654   	1102067  	1216193  	1332683  	1446095  	1552370  	1643959  	1712555  	1747029  	1729237  	1644752  	4860886  	0        	32.39    	34.00    	28.00    	38.00    	22.00    	40.00    
29       	2097     	511      	1476     	3197     	6050     	12624    	19991    	28597    	38691    	50806    	64903    	80720    	99256    	139175   	163242   	180518   	203747   	230966   	263360   	300361   	342455   	389895   	445268   	505117   	570452   	643636   	721579   	808725   	901612   	1000859  	1107362  	1220398  	1334805  	1443281  	1544785  	1629292  	1693019  	1722366  	1702651  	1615486  	4813672  	0        	32.28    	34.00    	28.00    	38.00    	22.00    	40.00    
30       	3006     	619      	1713     	3492     	6850     	14155    	22353    	31831    	42329    	55803    	70193    	87526    	106227   	149342   	174154   	191936   	213905   	241017   	273159   	310807   	352688   	401711   	454615   	514064   	579105   	650678   	729807   	812290   	903631   	1000208  	1104187  	1214380  	1326227  	1435575  	1530429  	1615975  	1674740  	1699634  	1678596  	1589747  	4778299  	0        	32.15    	34.00    	28.00    	38.00    	22.00    	40.00    
31       	2843     	672      	1924     	3964     	7991     	15746    	24709    	34977    	46581    	59714    	75642    	93818    	113472   	157070   	183050   	200191   	221956   	249907   	281585   	319183   	362001   	409250   	463991   	522768   	589557   	660150   	736869   	819542   	910805   	1008160  	1107588  	1216510  	1323704  	1430059  	1520561  	1600230  	1654540  	1677264  	1652102  	1562063  	4724294  	0        	32.03    	34.00    	28.00    	38.00    	21.00    	40.00    
32       	2747     	772      	2194     	4609     	8784     	17877    	28073    	39232    	51903    	67125    	84010    	103442   	124701   	172499   	200676   	217808   	240063   	268245   	300353   	338223   	379862   	426798   	481394   	538360   	602375   	672491   	746582   	825594   	912483   	1006129  	1102050  	1204087  	1308300  	1402957  	1491148  	1565163  	1619968  	1636537  	1611058  	1527685  	4712646  	0        	31.84    	34.00    	28.00    	38.00    	21.00    	40.00    
33       	3013     	913      	2570     	5189     	9921     	19735    	30944    	43420    	57564    	73178    	91400    	112435   	134834   	185216   	213934   	231637   	255691   	282429   	314554   	351211   	393754   	440798   	492664   	551901   	612173   	681078   	755513   	833630   	917868   	1005956  	1098190  	1195838  	1296453  	1388759  	1469780  	1539391  	1584892  	1601967  	1574485  	1493126  	4698999  	0        	31.68    	33.00    	27.00    	38.00    	20.00    	40.00    
34       	3486     	993      	2767     	5654     	10866    	21268    	33027    	45877    	60653    	76973    	95745    	116358   	139375   	191398   	220080   	238198   	259754   	287083   	318650   	356016   	398114   	445629   	497133   	553654   	616180   	684483   	757529   	837097   	918093   	1010862  	1106423  	1200190  	1298901  	1392460  	1477399  	1539633  	1584943  	1594160  	1564130  	1476684  	4609085  	0        	31.59    	33.00    	27.00    	38.00    	20.00    	40.00    
35       	4069     	1129     	3260     	6768     	12223    	24152    	37528    	52068    	68270    	86458    	107061   	129054   	153778   	209759   	241103   	257305   	280420   	307939   	338590   	376089   	418387   	463450   	515650   	572381   	634668   	698966   	768818   	845653   	925282   	1012288  	1099798  	1190054  	1280719  	1362572  	1437504  	1494981  	1532581  	1538513  	1506811  	1427969  	4622935  	0        	31.37    	33.00    	27.00    	38.00    	20.00    	40.00    
36       	4643     	1201     	3509     	6932     	13100    	26103    	39869    	54908    	72388    	91128    	112810   	136144   	161401   	218575   	250541   	267920   	289536   	317927   	350623   	386475   	428351   	475682   	525765   	581813   	641621   	707596   	778692   	853144   	930934   	1015906  	1102659  	1192374  	1276002  	1357325  	1430355  	1484788  	1517631  	1521067  	1482655  	1401909  	4535001  	0        	31.23    	33.00    	27.00    	38.00    	19.00    	40.00    
37       	3859     	1450     	3758     	7926     	14337    	28402    	43779    	59813    	77754    	97716    	120646   	145341   	171443   	232286   	265565   	283454   	305340   	332844   	364951   	402203   	442213   	488112   	538709   	595382   	653467   	715128   	784557   	858620   	935073   	1013907  	1098830  	1182225  	1266536  	1341268  	1404759  	1455837  	1486682  	1486968  	1453602  	1369148  	4513113  	0        	31.06    	33.00    	26.00    	38.00    	19.00    	40.00    
38       	4888     	1479     	4159     	8224     	15442    	30861    	46808    	64098    	83756    	106042   	128904   	154841   	182687   	248565   	283116   	300717   	322512   	348466   	382806   	417603   	457355   	504212   	552119   	608462   	665997   	727595   	792582   	865008   	936269   	1015293  	1092533  	1174641  	1249860  	1318495  	1378327  	1424387  	1452811  	1450871  	1417044  	1335318  	4491850  	0        	30.88    	33.00    	26.00    	38.00    	19.00    	40.00    
39       	4846     	1631     	4394     	8809     	16479    	32227    	49884    	67188    	87614    	109380   	133287   	157864   	184380   	248618   	282679   	299254   	320708   	347991   	380629   	416847   	457460   	501943   	550998   	605389   	664830   	727488   	794641   	865512   	941475   	1021095  	1103164  	1183115  	1260053  	1333759  	1392646  	1437592  	1463268  	1456533  	1416298  	1331181  	4383854  	0        	30.83    	33.00    	26.00    	38.00    	19.00    	40.00    
40       	6028     	1681     	4849     	9327     	17864    	34875    	53408    	73030    	93933    	117101   	143148   	169970   	198589   	268221   	304612   	320985   	342091   	369837   	401151   	436888   	475992   	521343   	569521   	622785   	680304   	739442   	804472   	870418   	945315   	1018443  	1092277  	1169769  	1239154  	1300515  	1357108  	1393857  	1416009  	1410181  	1370313  	1290730  	4391467  	0        	30.62    	32.00    	26.00    	38.00    	18.00    	40.00    
41       	5260     	1864     	5122     	10073    	18947    	37411    	56968    	77866    	100570   	125054   	150820   	179907   	207544   	280124   	317551   	334216   	354945   	382020   	412929   	449718   	486933   	531074   	580072   	632745   	687894   	745352   	809315   	876878   	946872   	1018116  	1091392  	1163823  	1231535  	1291331  	1341495  	1379228  	1396205  	1388261  	1347383  	1265735  	4326455  	0        	30.46    	32.00    	25.00    	37.00    	18.00    	40.00    
42       	6748     	2180     	5730     	11475    	21042    	40841    	61841    	82993    	106793   	131293   	158803   	187979   	217359   	292097   	329781   	345437   	367075   	392615   	421734   	458867   	496881   	540159   	587698   	637320   	692806   	750350   	813557   	878738   	946786   	1015189  	1087573  	1158022  	1223404  	1280097  	1327215  	1363686  	1376593  	1366294  	1323515  	1242096  	4296341  	0        	30.33    	32.00    	25.00    	37.00    	18.00    	40.00    
43       	6236     	2238     	6103     	12168    	22570    	42983    	64720    	87557    	112681   	139669   	167984   	197359   	228461   	306513   	344439   	360920   	381969   	407616   	437585   	472919   	511327   	553502   	601032   	650865   	703637   	759901   	819518   	882487   	947854   	1014565  	1084225  	1148220  	1210768  	1265650  	1309696  	1336572  	1347642  	1331891  	1285922  	1205811  	4273228  	0        	30.16    	32.00    	25.00    	37.00    	17.00    	40.00    
44       	6779     	2394     	6355     	12717    	23080    	44694    	67915    	92187    	116988   	144347   	173952   	203000   	235450   	314774   	353701   	369674   	389620   	415417   	443382   	478097   	516905   	559509   	605654   	653506   	708002   	763090   	821894   	883433   	949261   	1013531  	1083014  	1149434  	1209379  	1263665  	1302872  	1330736  	1339819  	1321403  	1274730  	1194472  	4208171  	0        	30.06    	32.00    	25.00    	37.00    	17.00    	40.00    
45       	7772     	2526     	6901     	13422    	24981    	48302    	73377    	98896    	125801   	155138   	186222   	217297   	250653   	336456   	375598   	389918   	410751   	436436   	465360   	500080   	536490   	578551   	620332   	668533   	721859   	772966   	831435   	890503   	951046   	1011826  	1074183  	1134679  	1186832  	1235539  	1269771  	1292920  	1298971  	1279597  	1236885  	1155950  	4172248  	0        	29.82    	32.00    	24.00    	37.00    	17.00    	40.00    
46       	7513     	2514     	7219     	13943    	26039    	50339    	76608    	103062   	131507   	161263   	193328   	226029   	258233   	344896   	385398   	400067   	419759   	443784   	471856   	505364   	543282   	582529   	626373   	673045   	725409   	775690   	833082   	891068   	950932   	1013171  	1074069  	1132198  	1185082  	1229745  	1264894  	1286554  	1288595  	1269486  	1222663  	1142351  	4108064  	0        	29.71    	31.00    	24.00    	37.00    	16.00    	40.00    
47       	8146     	2728     	7499     	14857    	27497    	53201    	79892    	107841   	138039   	168191   	200948   	233445   	266574   	356554   	397558   	412888   	431102   	456742   	484975   	518543   	555114   	594168   	637419   	682188   	733660   	783204   	840121   	895046   	953396   	1012082  	1071111  	1123761  	1174421  	1215293  	1245931  	1264759  	1264913  	1245098  	1198101  	1117400  	4072597  	0        	29.56    	31.00    	24.00    	37.00    	16.00    	40.00    
48       	8517     	2976     	8072     	15838    	28928    	55901    	84327    	113920   	144547   	176280   	208053   	242311   	277121   	368455   	408937   	422581   	442085   	466003   	493337   	526155   	560552   	599219   	641895   	687258   	736916   	786474   	840103   	898371   	953712   	1013513  	1066786  	1122279  	1172667  	1211660  	1241704  	1255827  	1253421  	1230990  	1179548  	1101749  	3998015  	0        	29.43    	31.00    	24.00    	37.00    	16.00    	40.00    
49       	9611     	2975     	8009     	16252    	30099    	57831    	88271    	118294   	149567   	182554   	215875   	250916   	285783   	379741   	422652   	436455   	453548   	477506   	505814   	537581   	573169   	610788   	653604   	696806   	743364   	794570   	848395   	901078   	954807   	1011065  	1066361  	1116565  	1164100  	1199151  	1224715  	1235684  	1231062  	1206260  	1154433  	1072675  	3959017  	0        	29.28    	31.00    	23.00    	37.00    	16.00    	40.00    
50       	9006     	2525     	6784     	13282    	25041    	50817    	78425    	106900   	136353   	167715   	201605   	235718   	271095   	369681   	414933   	429118   	447771   	473995   	503638   	536460   	572955   	614032   	659255   	709867   	759500   	813363   	868444   	927332   	986317   	1042293  	1096992  	1149635  	1189591  	1220989  	1241892  	1243248  	1228278  	1193587  	1133103  	1056598  	3858870  	0        	29.32    	31.00    	23.00    	37.00    	16.00    	40.00    
Clean Quality Value Distribute
Pos      	Q0       	Q1       	Q2       	Q3       	Q4       	Q5       	Q6       	Q7       	Q8       	Q9       	Q10      	Q11      	Q12      	Q13      	Q14      	Q15      	Q16      	Q17      	Q18      	Q19      	Q20      	Q21      	Q22      	Q23      	Q24      	Q25      	Q26      	Q27      	Q28      	Q29      	Q30      	Q31      	Q32      	Q33      	Q34      	Q35      	Q36      	Q37      	Q38      	Q39      	Q40      	Q41      	Mean	Median	Lower quartile	Upper quartile	10thpercentile	90thpercentile
1        	3014     	28       	100      	255      	580      	1356     	2419     	3873     	5825     	8672     	13284    	20208    	29818    	50656    	63131    	70983    	82584    	98746    	120064   	144847   	164588   	187801   	216242   	248616   	289140   	336203   	392120   	460667   	543697   	642893   	765058   	912865   	1095896  	1315501  	1582440  	1904194  	2274897  	2662580  	2937161  	2904392  	5466903  	0        	34.80    	36.00    	33.00    	39.00    	27.00    	40.00    
2        	968      	20       	101      	260      	423      	747      	1204     	1848     	2873     	4340     	7145     	10985    	16285    	27152    	35919    	45143    	57940    	75365    	99004    	127887   	153945   	185654   	222444   	265729   	316926   	378413   	451477   	537640   	637855   	760048   	903036   	1068359  	1261045  	1481677  	1726629  	1984317  	2239004  	2445944  	2551203  	2471974  	5465369  	0        	34.62    	36.00    	32.00    	39.00    	27.00    	40.00    
3        	660      	20       	51       	102      	226      	510      	935      	1508     	2435     	3982     	6511     	10445    	15719    	25517    	35389    	46057    	60673    	79435    	105134   	136825   	165580   	201031   	241449   	290476   	347219   	413735   	494843   	585374   	693301   	817062   	964109   	1130915  	1316640  	1525711  	1744293  	1960311  	2151857  	2302852  	2360096  	2288970  	5496339  	0        	34.42    	36.00    	32.00    	39.00    	27.00    	40.00    
4        	590      	18       	47       	92       	211      	517      	998      	1759     	2929     	4673     	7865     	12604    	18802    	29998    	41381    	54207    	71418    	92678    	121767   	157135   	190427   	228891   	274320   	327919   	392764   	464010   	549934   	646436   	757250   	885081   	1027454  	1185067  	1363359  	1553856  	1744880  	1930593  	2088128  	2183381  	2198492  	2088799  	5323567  	0        	34.09    	35.00    	31.00    	39.00    	26.00    	40.00    
5        	388      	20       	33       	88       	152      	454      	853      	1427     	2541     	4131     	7136     	11323    	17249    	27639    	38290    	51103    	67262    	88385    	117480   	152819   	185829   	226060   	272248   	328226   	391741   	466166   	551937   	652334   	765742   	892802   	1037408  	1197106  	1372682  	1558332  	1744455  	1927819  	2082944  	2189785  	2208001  	2107792  	5276115  	0        	34.10    	35.00    	31.00    	39.00    	26.00    	40.00    
6        	370      	9        	26       	55       	136      	375      	816      	1353     	2239     	3723     	6479     	10782    	16080    	26406    	36790    	49064    	65755    	86975    	116656   	151592   	186475   	226800   	275104   	331542   	399344   	474994   	561462   	661558   	774763   	902460   	1044742  	1202466  	1372343  	1549619  	1731649  	1905900  	2067665  	2179085  	2216395  	2124886  	5259364  	0        	34.09    	35.00    	31.00    	39.00    	26.00    	40.00    
7        	340      	8        	26       	57       	107      	295      	580      	1021     	1687     	2664     	4451     	7281     	11149    	18701    	26307    	35484    	48671    	66466    	91635    	122698   	153324   	190069   	234096   	285230   	345665   	414382   	495753   	589872   	696454   	818783   	959780   	1117142  	1297147  	1490744  	1705528  	1930601  	2151530  	2344527  	2459551  	2416645  	5487846  	0        	34.54    	36.00    	32.00    	39.00    	27.00    	40.00    
8        	255      	13       	22       	51       	86       	290      	569      	995      	1736     	3006     	5287     	8531     	13225    	21679    	30630    	41931    	57134    	77124    	104756   	139000   	171081   	211075   	257469   	310968   	373524   	446436   	528386   	623746   	730995   	855226   	991353   	1145649  	1311951  	1498867  	1695620  	1895782  	2086139  	2239477  	2321110  	2270506  	5552617  	0        	34.35    	36.00    	31.00    	39.00    	26.00    	40.00    
9        	282      	5        	24       	56       	133      	322      	638      	1104     	1935     	3298     	5644     	9080     	14043    	22798    	32477    	43614    	59819    	79876    	107466   	142954   	177176   	217679   	264651   	318787   	382653   	454848   	539661   	635352   	744690   	863062   	1000569  	1152149  	1322496  	1502910  	1693934  	1887182  	2067151  	2213923  	2287643  	2233942  	5538271  	0        	34.29    	36.00    	31.00    	39.00    	26.00    	40.00    
10       	305      	30       	56       	129      	282      	655      	1224     	2023     	3367     	5498     	9234     	14503    	22013    	34590    	46760    	61892    	80966    	105404   	138626   	177749   	216046   	260114   	311143   	369433   	439506   	516239   	603904   	701197   	809781   	930087   	1058024  	1200610  	1354126  	1516694  	1684109  	1841861  	1984566  	2078689  	2102053  	2017722  	5323087  	0        	33.84    	35.00    	31.00    	39.00    	25.00    	40.00    
11       	208      	10       	16       	43       	155      	395      	841      	1560     	2666     	4433     	7646     	12519    	19205    	30518    	42408    	56256    	75659    	99322    	130832   	169945   	207725   	251584   	302179   	361595   	428123   	505387   	592719   	688908   	797582   	920002   	1053339  	1200790  	1361922  	1528149  	1696967  	1859953  	1995706  	2089600  	2114781  	2039686  	5372963  	0        	33.93    	35.00    	31.00    	39.00    	26.00    	40.00    
12       	163      	15       	29       	55       	121      	348      	733      	1297     	2138     	3645     	6338     	10059    	15567    	25217    	35509    	48606    	65511    	86623    	117044   	153468   	189989   	232490   	281759   	337753   	403731   	478427   	564567   	660158   	768361   	890551   	1023730  	1173369  	1339043  	1515935  	1702837  	1881615  	2043658  	2162009  	2208085  	2138394  	5455350  	0        	34.13    	35.00    	31.00    	39.00    	26.00    	40.00    
13       	220      	43       	64       	110      	202      	558      	965      	1570     	2698     	4564     	7536     	11838    	17990    	28063    	39397    	52626    	70713    	93476    	124164   	162365   	199408   	242910   	293409   	351341   	417533   	494670   	580383   	676554   	785198   	905563   	1037612  	1184768  	1343253  	1517284  	1693870  	1867183  	2019023  	2128906  	2165594  	2097134  	5403539  	0        	34.02    	35.00    	31.00    	39.00    	26.00    	40.00    
14       	338      	13       	35       	90       	227      	573      	1045     	1827     	3081     	5056     	8495     	13378    	20182    	30998    	43018    	57260    	75449    	99179    	131208   	170223   	208362   	252876   	303628   	362814   	430857   	506980   	593428   	690279   	800069   	919318   	1052889  	1197698  	1356252  	1522989  	1692462  	1852791  	1994535  	2096584  	2128028  	2054920  	5344863  	0        	33.92    	35.00    	31.00    	39.00    	26.00    	40.00    
15       	216      	15       	46       	92       	226      	630      	1223     	2035     	3494     	5590     	9262     	14310    	21269    	33574    	45180    	60421    	79619    	103527   	136754   	178227   	216180   	261654   	313687   	373617   	441052   	518112   	605551   	702425   	810426   	929524   	1059776  	1201825  	1358675  	1520454  	1684962  	1839475  	1972608  	2067309  	2094608  	2022752  	5333915  	0        	33.84    	35.00    	31.00    	39.00    	25.00    	40.00    
16       	311      	22       	82       	147      	291      	753      	1270     	2248     	3713     	5999     	9844     	15260    	23161    	36269    	49124    	64652    	84679    	109559   	144087   	185592   	226101   	270071   	324614   	384028   	451586   	528971   	615184   	711059   	817162   	934463   	1063005  	1205916  	1358305  	1516319  	1679414  	1830909  	1954710  	2046506  	2069383  	1992596  	5306932  	0        	33.76    	35.00    	30.00    	39.00    	25.00    	40.00    
17       	314      	14       	44       	129      	294      	788      	1531     	2647     	4179     	6798     	11028    	16651    	24690    	38114    	52231    	67982    	88661    	113703   	150147   	191857   	232344   	278226   	332556   	393764   	462676   	539541   	625572   	722263   	827023   	945625   	1071984  	1212050  	1365086  	1521735  	1676451  	1821908  	1941474  	2025960  	2037359  	1957053  	5261845  	0        	33.68    	35.00    	30.00    	39.00    	25.00    	40.00    
18       	681      	25       	74       	154      	357      	931      	1858     	3012     	4948     	7886     	12563    	19061    	28154    	44087    	59240    	75669    	96299    	122502   	158129   	203012   	242654   	289348   	341551   	403014   	472064   	549739   	635830   	727632   	834148   	948189   	1075468  	1209615  	1358079  	1510867  	1663206  	1803791  	1918090  	1993549  	2003547  	1929563  	5275711  	0        	33.60    	35.00    	30.00    	39.00    	25.00    	40.00    
19       	1268     	42       	106      	218      	449      	1149     	2169     	3624     	5503     	8856     	13790    	20869    	30685    	46915    	62440    	79666    	101257   	129236   	165428   	210685   	251448   	298573   	352245   	414970   	482312   	560007   	645845   	739096   	841255   	957042   	1083177  	1219408  	1360881  	1509178  	1656016  	1788848  	1895281  	1970762  	1980788  	1903943  	5228867  	0        	33.51    	35.00    	30.00    	39.00    	25.00    	40.00    
20       	760      	36       	104      	238      	493      	1343     	2434     	4185     	6462     	10059    	15729    	23240    	33420    	51103    	67467    	85464    	107919   	136237   	174732   	220422   	262654   	308725   	362750   	424753   	493062   	569715   	655790   	749804   	854014   	964672   	1087004  	1220598  	1361748  	1505728  	1647976  	1774193  	1878439  	1944444  	1949771  	1872341  	5194269  	0        	33.41    	35.00    	30.00    	39.00    	25.00    	40.00    
21       	639      	47       	110      	256      	683      	1622     	2888     	4845     	7367     	11152    	17190    	25702    	35848    	53795    	70505    	88648    	111618   	139602   	178586   	225114   	266795   	315018   	369677   	430542   	500031   	575800   	660437   	754243   	856531   	968490   	1092724  	1223528  	1363606  	1507397  	1646874  	1770912  	1874765  	1933353  	1937149  	1853362  	5146846  	0        	33.35    	35.00    	30.00    	38.00    	24.00    	40.00    
22       	1420     	60       	143      	353      	798      	1857     	3395     	5412     	8462     	12366    	19067    	27470    	38692    	57661    	74898    	92993    	116526   	144782   	183113   	231230   	271612   	320872   	373337   	434232   	502829   	581352   	664927   	758017   	862167   	972273   	1097207  	1229284  	1368320  	1509726  	1645746  	1769866  	1868214  	1928842  	1928222  	1839976  	5076578  	0        	33.28    	35.00    	30.00    	38.00    	24.00    	40.00    
23       	790      	60       	215      	486      	1025     	2489     	4356     	6760     	10195    	14990    	22300    	31850    	43938    	65089    	83310    	102889   	125875   	155282   	195191   	242686   	283872   	331972   	385885   	449521   	516104   	591281   	676525   	769072   	869561   	976701   	1098789  	1225488  	1361996  	1499612  	1629711  	1745795  	1837370  	1894545  	1888202  	1804947  	5077572  	0        	33.17    	35.00    	30.00    	38.00    	24.00    	40.00    
24       	744      	81       	280      	605      	1314     	3178     	5510     	8440     	12602    	18173    	26314    	37384    	50661    	73367    	93912    	113001   	137907   	167681   	208419   	256553   	298931   	347110   	402429   	461932   	529685   	604441   	687001   	778047   	878645   	984934   	1101687  	1225789  	1358443  	1488047  	1613702  	1724424  	1811224  	1860543  	1852001  	1771470  	5027686  	0        	33.02    	35.00    	29.00    	38.00    	24.00    	40.00    
25       	877      	115      	363      	717      	1617     	3757     	6446     	9731     	14175    	20448    	29072    	40740    	53699    	78135    	98779    	118551   	142712   	172696   	213249   	261547   	302985   	350723   	404539   	465437   	531558   	608453   	689133   	781610   	881148   	987279   	1105803  	1229142  	1359892  	1491028  	1616174  	1721931  	1808654  	1855936  	1839002  	1751041  	4975403  	0        	32.95    	34.00    	29.00    	38.00    	24.00    	40.00    
26       	1585     	333      	962      	1966     	4016     	8599     	14096    	20445    	28561    	38377    	50076    	63784    	80297    	114430   	136591   	153977   	175061   	202030   	233052   	270220   	312514   	360811   	414170   	475589   	542555   	616296   	697603   	785928   	882659   	985246   	1097036  	1216656  	1340128  	1463596  	1576890  	1676762  	1754577  	1796338  	1782836  	1701626  	4946023  	0        	32.65    	34.00    	29.00    	38.00    	23.00    	40.00    
27       	1801     	352      	1150     	2321     	4610     	9860     	15839    	22880    	31220    	41790    	54481    	68976    	86586    	122314   	145166   	162065   	184560   	211182   	243130   	278987   	322703   	370387   	425682   	485346   	552370   	624267   	705956   	792159   	887707   	990490   	1099843  	1215869  	1337450  	1455558  	1566136  	1659989  	1734636  	1773003  	1757064  	1673040  	4905372  	0        	32.53    	34.00    	29.00    	38.00    	22.00    	40.00    
28       	1822     	503      	1334     	2812     	5406     	11652    	18395    	26479    	36038    	47401    	60574    	76242    	94081    	132037   	155210   	172765   	194898   	222202   	253468   	290462   	332314   	381517   	434720   	494200   	561046   	632625   	713363   	799696   	893715   	995028   	1101481  	1215623  	1332096  	1445603  	1551869  	1643552  	1712170  	1746698  	1728948  	1644519  	4859733  	0        	32.40    	34.00    	28.00    	38.00    	22.00    	40.00    
29       	1906     	511      	1476     	3193     	6041     	12605    	19962    	28554    	38637    	50711    	64803    	80580    	99062    	138950   	162964   	180202   	203365   	230512   	262894   	299817   	341882   	389244   	444521   	504275   	569569   	642656   	720581   	807569   	900427   	999658   	1106070  	1219201  	1333595  	1442219  	1543805  	1628471  	1692290  	1721781  	1702226  	1615120  	4812392  	0        	32.28    	34.00    	28.00    	38.00    	22.00    	40.00    
30       	2839     	616      	1711     	3490     	6836     	14125    	22317    	31775    	42246    	55667    	70034    	87316    	105978   	149028   	173763   	191501   	213389   	240410   	272493   	310041   	351912   	400813   	453624   	512917   	577971   	649506   	728557   	811088   	902461   	999150   	1103139  	1213462  	1325419  	1434837  	1529766  	1615436  	1674297  	1699317  	1678276  	1589513  	4777261  	0        	32.16    	34.00    	28.00    	38.00    	22.00    	40.00    
31       	2652     	672      	1924     	3964     	7990     	15736    	24694    	34963    	46558    	59673    	75588    	93729    	113354   	156897   	182869   	199986   	221712   	249615   	281313   	318804   	361624   	408814   	463481   	522233   	588945   	659494   	736139   	818748   	909935   	1007173  	1106580  	1215358  	1322370  	1428720  	1519192  	1598892  	1653249  	1676074  	1651136  	1561246  	4722201  	0        	32.03    	34.00    	28.00    	38.00    	21.00    	40.00    
32       	2548     	771      	2191     	4604     	8773     	17851    	28043    	39180    	51808    	66998    	83866    	103264   	124462   	172145   	200257   	217354   	239552   	267725   	299715   	337495   	379104   	425920   	480458   	537399   	601378   	671500   	745519   	824573   	911502   	1005174  	1101214  	1203287  	1307498  	1402200  	1490456  	1564448  	1619315  	1635951  	1610526  	1527236  	4711037  	0        	31.85    	34.00    	28.00    	38.00    	21.00    	40.00    
33       	2785     	912      	2567     	5188     	9918     	19723    	30923    	43394    	57512    	73126    	91311    	112340   	134686   	185023   	213726   	231391   	255414   	282107   	314172   	350783   	393281   	440262   	492052   	551198   	611424   	680279   	754613   	832724   	916816   	1004884  	1097082  	1194752  	1295347  	1387667  	1468666  	1538361  	1583838  	1601030  	1573643  	1492428  	4696949  	0        	31.68    	33.00    	27.00    	38.00    	20.00    	40.00    
34       	3275     	992      	2762     	5645     	10856    	21242    	32978    	45817    	60554    	76836    	95558    	116166   	139123   	191018   	219639   	237720   	259218   	286473   	318009   	355315   	397298   	444762   	496107   	552560   	615060   	683232   	756250   	835844   	916916   	1009733  	1105362  	1199297  	1298087  	1391778  	1476862  	1539135  	1584520  	1593832  	1563894  	1476507  	4608065  	0        	31.60    	33.00    	27.00    	38.00    	20.00    	40.00    
35       	3825     	1129     	3258     	6759     	12212    	24133    	37503    	52007    	68174    	86348    	106900   	128885   	153551   	209483   	240742   	256897   	279983   	307414   	338035   	375498   	417741   	462711   	514817   	571510   	633779   	697984   	767786   	844643   	924263   	1011230  	1098823  	1189113  	1279729  	1361706  	1436647  	1494228  	1531900  	1537878  	1506243  	1427483  	4621347  	0        	31.37    	33.00    	27.00    	38.00    	20.00    	40.00    
36       	4411     	1199     	3501     	6914     	13075    	26026    	39764    	54746    	72175    	90867    	112473   	135735   	160960   	218050   	249923   	267229   	288825   	317170   	349779   	385537   	427342   	474666   	524852   	580754   	640614   	706617   	777696   	852215   	930027   	1015055  	1101879  	1191695  	1275394  	1356767  	1429878  	1484383  	1517285  	1520788  	1482334  	1401705  	4533992  	0        	31.23    	33.00    	27.00    	38.00    	20.00    	40.00    
37       	3619     	1449     	3753     	7917     	14302    	28347    	43692    	59698    	77599    	97518    	120404   	145038   	171086   	231841   	265067   	282910   	304741   	332237   	364241   	401457   	441326   	487215   	537765   	594388   	652443   	714161   	783568   	857653   	934139   	1013043  	1098017  	1181492  	1265830  	1340611  	1404143  	1455255  	1486190  	1486506  	1453197  	1368815  	4511624  	0        	31.07    	33.00    	26.00    	38.00    	19.00    	40.00    
38       	4634     	1479     	4157     	8215     	15427    	30823    	46751    	64021    	83637    	105880   	128657   	154534   	182367   	248111   	282642   	300209   	321990   	347837   	382197   	416951   	456618   	503433   	551340   	607643   	665091   	726647   	791592   	863965   	935308   	1014334  	1091613  	1173777  	1249015  	1317680  	1377571  	1423733  	1452255  	1450350  	1416556  	1334940  	4490317  	0        	30.88    	33.00    	26.00    	38.00    	19.00    	40.00    
39       	4597     	1630     	4391     	8805     	16463    	32205    	49853    	67151    	87534    	109293   	133172   	157717   	184203   	248387   	282419   	298922   	320361   	347619   	380232   	416395   	456937   	501386   	550417   	604733   	664133   	726695   	793872   	864643   	940636   	1020217  	1102186  	1182121  	1258958  	1332632  	1391490  	1436522  	1462253  	1455547  	1415439  	1330478  	4381653  	0        	30.84    	33.00    	26.00    	38.00    	19.00    	40.00    
40       	5744     	1681     	4846     	9326     	17852    	34866    	53374    	72996    	93899    	117020   	143064   	169861   	198460   	268063   	304381   	320708   	341793   	369507   	400736   	436447   	475529   	520799   	568990   	622145   	679611   	738683   	803675   	869617   	944402   	1017558  	1091322  	1168723  	1238101  	1299471  	1355957  	1392624  	1414898  	1409116  	1369424  	1289911  	4389117  	0        	30.62    	32.00    	26.00    	38.00    	18.00    	40.00    
41       	4996     	1863     	5116     	10063    	18931    	37373    	56883    	77767    	100425   	124842   	150605   	179594   	207135   	279609   	316984   	333595   	354360   	381330   	412173   	448991   	486141   	530220   	579192   	631818   	686968   	744377   	808385   	876003   	945928   	1017224  	1090570  	1163007  	1230739  	1290595  	1340867  	1378614  	1395665  	1387803  	1346976  	1265446  	4325124  	0        	30.47    	32.00    	25.00    	37.00    	18.00    	40.00    
42       	6514     	2177     	5728     	11473    	21032    	40805    	61801    	82918    	106691   	131171   	158650   	187768   	217136   	291753   	329377   	344982   	366541   	392095   	421133   	458236   	496156   	539369   	586889   	636471   	691971   	749488   	812617   	877794   	945814   	1014145  	1086649  	1157108  	1222537  	1279222  	1326381  	1362951  	1375895  	1365691  	1322983  	1241612  	4294573  	0        	30.33    	32.00    	25.00    	37.00    	18.00    	40.00    
43       	6014     	2237     	6101     	12161    	22550    	42940    	64647    	87448    	112540   	139450   	167739   	197082   	228122   	306026   	343928   	360359   	381349   	407023   	436872   	472181   	510534   	552672   	600155   	649978   	702672   	758931   	818610   	881514   	946876   	1013601  	1083271  	1147355  	1209928  	1264867  	1308981  	1335987  	1347129  	1331432  	1285542  	1205495  	4271998  	0        	30.16    	32.00    	25.00    	37.00    	17.00    	40.00    
44       	6519     	2391     	6352     	12709    	23069    	44672    	67889    	92129    	116900   	144244   	173811   	202812   	235239   	314461   	353324   	369288   	389151   	414906   	442792   	477471   	516240   	558743   	604893   	652673   	707164   	762191   	820939   	882469   	948325   	1012622  	1082132  	1148494  	1208474  	1262753  	1302060  	1329920  	1339107  	1320669  	1274153  	1193938  	4206209  	0        	30.06    	32.00    	25.00    	37.00    	17.00    	40.00    
45       	7510     	2526     	6899     	13417    	24962    	48281    	73335    	98843    	125714   	155019   	186074   	217125   	250381   	336063   	375126   	389469   	410223   	435849   	464726   	499391   	535683   	577672   	619447   	667529   	720731   	771822   	830206   	889328   	949861   	1010743  	1073122  	1133712  	1186000  	1234781  	1269185  	1292420  	1298523  	1279243  	1236608  	1155709  	4171039  	0        	29.82    	32.00    	24.00    	37.00    	17.00    	40.00    
46       	7249     	2512     	7214     	13929    	26004    	50258    	76461    	102868   	131242   	160934   	192945   	225548   	257640   	344190   	384636   	399246   	418893   	442882   	470929   	504452   	542246   	581497   	625351   	672061   	724445   	774750   	832184   	890182   	950089   	1012451  	1073427  	1131598  	1184578  	1229341  	1264514  	1286257  	1288295  	1269242  	1222483  	1142181  	4107093  	0        	29.72    	31.00    	24.00    	37.00    	17.00    	40.00    
47       	7889     	2726     	7495     	14852    	27469    	53149    	79838    	107765   	137929   	168028   	200732   	233182   	266260   	356175   	397094   	412370   	430544   	456105   	484265   	517759   	554253   	593209   	636422   	681203   	732637   	782156   	839015   	893971   	952314   	1011104  	1070195  	1122882  	1173677  	1214582  	1245304  	1264236  	1264475  	1244713  	1197757  	1117134  	4071432  	0        	29.57    	31.00    	24.00    	37.00    	16.00    	40.00    
48       	8271     	2976     	8068     	15831    	28920    	55881    	84293    	113866   	144474   	176173   	207945   	242177   	276949   	368219   	408656   	422292   	441786   	465638   	492914   	525716   	560088   	598698   	641318   	686595   	736186   	785639   	839232   	897411   	952633   	1012439  	1065634  	1121072  	1171522  	1210511  	1240657  	1254771  	1252463  	1230156  	1178833  	1101159  	3996235  	0        	29.43    	31.00    	24.00    	37.00    	16.00    	40.00    
49       	9349     	2974     	8003     	16242    	30064    	57753    	88176    	118139   	149361   	182279   	215524   	250491   	285264   	378988   	421827   	435611   	452658   	476584   	504836   	536512   	572122   	609748   	652549   	695798   	742405   	793635   	847500   	900251   	954066   	1010373  	1065757  	1116024  	1163609  	1198742  	1224342  	1235303  	1230746  	1205977  	1154201  	1072491  	3958023  	0        	29.29    	31.00    	23.00    	37.00    	16.00    	40.00    
50       	8743     	2524     	6781     	13272    	25021    	50786    	78383    	106835   	136271   	167589   	201470   	235564   	270879   	369380   	414624   	428742   	447372   	473531   	503129   	535947   	572377   	613344   	658487   	708980   	758595   	812421   	867349   	926222   	985109   	1041050  	1095780  	1148451  	1188501  	1220042  	1241032  	1242471  	1227612  	1193090  	1132660  	1056265  	3857616  	0        	29.33    	31.00    	23.00    	37.00    	16.00    	40.00    
