Pos      	Q0       	Q1       	Q2       	Q3       	Q4       	Q5       	Q6       	Q7       	Q8       	Q9       	Q10      	Q11      	Q12      	Q13      	Q14      	Q15      	Q16      	Q17      	Q18      	Q19      	Q20      	Q21      	Q22      	Q23      	Q24      	Q25      	Q26      	Q27      	Q28      	Q29      	Q30      	Q31      	Q32      	Q33      	Q34      	Q35      	Q36      	Q37      	Q38      	Q39      	Q40      	Q41      	Mean	Median	Lower quartile	Upper quartile	10thpercentile	90thpercentile
1        	2179     	483      	1459     	2863     	4898     	7784     	12357    	17312    	20518    	25356    	33088    	42146    	54051    	71722    	86050    	100124   	117259   	139889   	168280   	201020   	230095   	268163   	309714   	358514   	414617   	481817   	561891   	653837   	767092   	900582   	1064369  	1258207  	1491664  	1765383  	2079760  	2417811  	2753812  	3012368  	3105515  	2911454  	4453673  	0        	33.88    	36.00    	31.00    	38.00    	26.00    	40.00    
2        	822      	234      	639      	1299     	2292     	3697     	5541     	7949     	11492    	16138    	22743    	31696    	42567    	58529    	73169    	89304    	108420   	133425   	165037   	202662   	238546   	279299   	327700   	383119   	446794   	519217   	602757   	697557   	805584   	932372   	1076345  	1240774  	1433347  	1655714  	1905976  	2188160  	2485951  	2765886  	2961518  	2975822  	5469083  	0        	34.04    	36.00    	31.00    	39.00    	26.00    	40.00    
3        	44404    	1497     	2245     	2555     	2737     	3862     	5738     	7957     	10846    	14703    	20441    	28121    	37073    	51984    	66202    	81844    	101332   	125157   	155370   	193657   	231140   	274801   	324560   	382292   	448343   	526511   	612573   	712311   	827821   	954782   	1103891  	1273775  	1467773  	1687952  	1938083  	2207349  	2483881  	2728667  	2883646  	2865371  	5475929  	0        	33.98    	36.00    	31.00    	39.00    	26.00    	40.00    
4        	257      	132      	406      	705      	1276     	2128     	3550     	5680     	8295     	12067    	17877    	25011    	34510    	49385    	63314    	79338    	99552    	124856   	157598   	196152   	235217   	280317   	333306   	394035   	462488   	541621   	630912   	732272   	848405   	978186   	1126513  	1291193  	1482923  	1701005  	1940088  	2202766  	2464744  	2701953  	2851396  	2836099  	5451648  	0        	33.99    	36.00    	31.00    	39.00    	26.00    	40.00    
5        	333      	93       	257      	563      	1061     	1886     	3134     	4827     	7196     	10824    	15984    	22638    	32019    	45213    	58801    	75655    	96218    	122098   	155006   	194721   	235579   	283632   	337769   	400269   	472308   	552398   	644989   	748693   	865379   	996877   	1148757  	1316254  	1501357  	1710392  	1942651  	2187153  	2434613  	2653378  	2795330  	2793085  	5499786  	0        	33.97    	35.00    	31.00    	39.00    	26.00    	40.00    
6        	299      	90       	213      	449      	833      	1538     	2546     	4256     	6337     	9657     	14619    	21160    	29710    	43299    	56723    	72880    	92734    	118834   	152423   	192914   	234552   	282153   	336716   	399845   	473165   	555339   	649900   	754288   	870407   	1004184  	1153494  	1321250  	1506577  	1712223  	1938104  	2183547  	2428098  	2649139  	2794500  	2791605  	5508576  	0        	33.98    	35.00    	31.00    	39.00    	26.00    	40.00    
7        	5768     	396      	910      	1271     	1698     	2441     	3815     	5573     	7395     	10348    	14614    	20922    	29094    	41224    	54576    	69764    	89596    	114816   	148292   	188909   	229135   	277729   	333005   	395819   	470809   	552510   	647243   	752571   	873468   	1005741  	1157140  	1323156  	1511871  	1718381  	1949366  	2189617  	2437654  	2659398  	2805233  	2803629  	5464279  	0        	33.99    	35.00    	31.00    	39.00    	26.00    	40.00    
8        	87       	79       	232      	440      	839      	1521     	2539     	3953     	6227     	9033     	13980    	20288    	28830    	41072    	54583    	70757    	91431    	117146   	151854   	192892   	235381   	286171   	343718   	409569   	485369   	569948   	663638   	772450   	891358   	1024134  	1170354  	1330976  	1511021  	1709716  	1925882  	2156830  	2384587  	2593826  	2730894  	2738691  	5626880  	0        	33.95    	35.00    	31.00    	39.00    	26.00    	40.00    
9        	16068    	3563     	5156     	5150     	4796     	4591     	5141     	6198     	8258     	11519    	16220    	22931    	32231    	47342    	62766    	79887    	101858   	128491   	163973   	207668   	251999   	302800   	361891   	431648   	506497   	592441   	689932   	796914   	914893   	1046471  	1189545  	1348130  	1527158  	1717178  	1922259  	2139923  	2349586  	2534278  	2652282  	2645906  	5513638  	0        	33.75    	35.00    	31.00    	39.00    	25.00    	40.00    
10       	3736     	72       	287      	551      	1268     	3376     	5263     	6642     	8709     	11874    	17040    	24499    	34384    	49009    	65104    	82386    	106399   	133420   	171817   	218834   	263027   	315349   	378002   	445758   	523287   	611369   	708115   	817565   	937326   	1071187  	1214902  	1375068  	1548688  	1740542  	1945650  	2157187  	2358327  	2524581  	2619868  	2584043  	5284665  	0        	33.64    	35.00    	30.00    	38.00    	25.00    	40.00    
11       	2401     	107      	332      	633      	1129     	2050     	3398     	5262     	8013     	11845    	17282    	25239    	35025    	49266    	64955    	84058    	108707   	137978   	176275   	221459   	269060   	323962   	386645   	458144   	536656   	626753   	723164   	833899   	954695   	1082563  	1228301  	1381827  	1552228  	1730823  	1919711  	2115722  	2304443  	2458107  	2549491  	2531826  	5445742  	0        	33.61    	35.00    	30.00    	38.00    	25.00    	40.00    
12       	465      	96       	258      	516      	1008     	1761     	2938     	4483     	7077     	10425    	15701    	22577    	31869    	45159    	60547    	78621    	102250   	131576   	168956   	214425   	260991   	316921   	378461   	449783   	528916   	618690   	717821   	830397   	951841   	1082733  	1227034  	1383652  	1553645  	1734739  	1930265  	2128702  	2321138  	2483010  	2581834  	2561325  	5426570  	0        	33.67    	35.00    	30.00    	38.00    	25.00    	40.00    
13       	201671   	577      	1318     	2042     	2629     	3852     	5021     	6779     	9325     	13162    	18609    	26786    	36465    	53156    	69742    	88989    	113680   	143033   	182008   	228735   	275677   	329315   	392693   	464665   	541440   	630897   	728126   	834508   	952535   	1080337  	1217630  	1369821  	1532533  	1702293  	1887681  	2076446  	2256357  	2409702  	2503717  	2484818  	5490406  	0        	33.34    	35.00    	30.00    	38.00    	25.00    	40.00    
14       	176      	95       	287      	569      	1057     	1998     	3263     	5240     	7765     	11658    	17456    	25488    	35116    	50450    	66977    	85809    	111346   	141701   	180657   	229325   	276742   	333081   	397075   	470281   	550801   	641467   	741132   	851122   	971150   	1101152  	1242261  	1393966  	1557209  	1732939  	1916524  	2103602  	2282457  	2428343  	2514146  	2493535  	5393758  	0        	33.53    	35.00    	30.00    	38.00    	25.00    	40.00    
15       	259      	84       	260      	504      	992      	1894     	3120     	4961     	7507     	11301    	16731    	24155    	34196    	48812    	64645    	84452    	109311   	138984   	179215   	227140   	275002   	331402   	397339   	470697   	554216   	645737   	747276   	856016   	976597   	1109200  	1250305  	1401611  	1568267  	1743224  	1924324  	2114101  	2287348  	2431734  	2508486  	2481649  	5336122  	0        	33.52    	35.00    	30.00    	38.00    	25.00    	40.00    
16       	96       	88       	317      	613      	1114     	1987     	3351     	5357     	7986     	11893    	17407    	25390    	35462    	50498    	66618    	86407    	111408   	142336   	181196   	230063   	279131   	337417   	400616   	475268   	558292   	650472   	751380   	863553   	983869   	1115453  	1255994  	1407810  	1570165  	1743868  	1926252  	2105466  	2279372  	2417012  	2492395  	2461943  	5313861  	0        	33.48    	35.00    	30.00    	38.00    	25.00    	40.00    
17       	165      	124      	323      	618      	1177     	2307     	3786     	5548     	8674     	13046    	19153    	27298    	37789    	53880    	71377    	91926    	117415   	149481   	189558   	239224   	289530   	347491   	412868   	487802   	568930   	662002   	764041   	872312   	992195   	1123207  	1263319  	1413218  	1573200  	1743174  	1917822  	2092899  	2254940  	2387502  	2456135  	2420212  	5293508  	0        	33.40    	35.00    	30.00    	38.00    	25.00    	40.00    
18       	154      	122      	321      	747      	1456     	2466     	4037     	6393     	9536     	14127    	20436    	29116    	40417    	56781    	74735    	96140    	122244   	155710   	197080   	247162   	298224   	356935   	423008   	496613   	580780   	672537   	772661   	883087   	1003560  	1133402  	1269217  	1417957  	1576475  	1740098  	1913945  	2084664  	2241808  	2364572  	2428965  	2391543  	5239945  	0        	33.32    	35.00    	30.00    	38.00    	25.00    	40.00    
19       	112      	118      	371      	730      	1309     	2362     	4040     	6213     	9378     	13486    	19929    	28689    	39614    	55785    	73575    	95157    	121918   	154575   	196686   	246598   	297696   	355869   	423515   	498048   	582462   	673410   	777254   	886168   	1006050  	1136247  	1275338  	1429647  	1585301  	1750785  	1920333  	2090360  	2242803  	2365903  	2425517  	2380970  	5194855  	0        	33.31    	35.00    	30.00    	38.00    	25.00    	40.00    
20       	179158   	552      	1148     	1635     	2301     	3617     	5455     	7779     	11058    	16086    	23223    	32779    	44913    	63022    	82635    	104434   	132068   	165682   	208063   	260333   	309717   	367963   	434324   	509471   	592532   	684096   	781736   	890437   	1008685  	1133672  	1270371  	1413292  	1569353  	1724743  	1889848  	2051444  	2196394  	2312377  	2360966  	2316848  	5204966  	0        	33.02    	35.00    	30.00    	38.00    	24.00    	40.00    
21       	135      	148      	441      	843      	1604     	2917     	4806     	7239     	10949    	15824    	22969    	32364    	44498    	62071    	81078    	103683   	131752   	165516   	208903   	259903   	312183   	372036   	439476   	516241   	600144   	691273   	794886   	907333   	1024153  	1154129  	1291458  	1438151  	1593792  	1751991  	1915777  	2076274  	2224542  	2331739  	2373496  	2320394  	5082065  	0        	33.16    	35.00    	30.00    	38.00    	24.00    	40.00    
22       	15838    	395      	972      	1617     	2408     	3866     	5818     	8713     	12487    	18012    	26221    	36119    	49376    	70417    	90422    	114484   	143852   	178341   	223884   	276354   	329728   	390491   	458470   	533681   	617585   	707870   	808462   	918131   	1033937  	1161537  	1294214  	1436285  	1583337  	1740293  	1896830  	2049273  	2186643  	2282233  	2322095  	2267842  	5070643  	0        	33.01    	34.00    	29.00    	38.00    	24.00    	40.00    
23       	2232     	582      	1234     	2064     	3026     	4701     	6991     	10042    	14148    	20251    	28724    	39859    	52940    	73222    	94044    	118212   	147706   	185129   	229216   	283983   	337431   	397531   	463573   	542259   	626323   	717646   	817291   	927311   	1043558  	1169808  	1302535  	1440623  	1591359  	1742690  	1894225  	2042025  	2170786  	2265752  	2301025  	2236789  	5020330  	0        	32.95    	34.00    	29.00    	38.00    	24.00    	40.00    
24       	196      	220      	584      	1187     	2209     	4020     	6682     	9887     	14719    	20708    	29706    	41123    	54930    	76269    	97488    	122169   	152192   	189442   	233482   	288667   	340590   	402218   	470638   	545838   	630990   	724715   	823738   	932829   	1050163  	1174981  	1307756  	1447304  	1591122  	1743548  	1893522  	2037675  	2164388  	2257682  	2284098  	2220988  	4978513  	0        	32.91    	34.00    	29.00    	38.00    	24.00    	40.00    
25       	188      	261      	681      	1482     	2576     	4732     	7825     	11234    	16298    	22933    	32492    	44608    	59625    	81351    	103456   	129320   	159584   	196958   	244072   	298000   	351644   	412815   	481121   	559218   	643816   	733783   	835814   	940179   	1056614  	1179561  	1312609  	1448951  	1592679  	1741080  	1883582  	2028115  	2146467  	2233918  	2254022  	2191598  	4923914  	0        	32.81    	34.00    	29.00    	38.00    	24.00    	40.00    
26       	368      	508      	1368     	2813     	5027     	8884     	13260    	19010    	25854    	34087    	45082    	58786    	74345    	98758    	120158   	144616   	172549   	206915   	247942   	294625   	349341   	410345   	478854   	555378   	641238   	730098   	830441   	938607   	1056687  	1179469  	1310532  	1447365  	1590660  	1735621  	1879651  	2017880  	2134021  	2217894  	2239628  	2168958  	4881553  	0        	32.69    	34.00    	29.00    	38.00    	23.00    	40.00    
27       	624      	624      	1659     	3259     	5729     	10003    	14956    	21056    	28548    	38060    	49323    	63365    	79898    	106481   	129369   	152670   	181985   	217437   	259129   	306354   	359937   	421228   	491886   	568398   	650220   	741943   	841979   	947629   	1062344  	1184232  	1312921  	1448706  	1587564  	1730390  	1874391  	2004608  	2116833  	2192645  	2207315  	2131307  	4822171  	0        	32.58    	34.00    	29.00    	38.00    	23.00    	40.00    
28       	386      	659      	1754     	3389     	6326     	10565    	16023    	22350    	30665    	40141    	52212    	66316    	84046    	110687   	134112   	158351   	187008   	222348   	264807   	311449   	365923   	428303   	497068   	571761   	656863   	749793   	846482   	954779   	1067463  	1188349  	1316721  	1451425  	1588675  	1729795  	1867680  	1996366  	2106690  	2179932  	2184813  	2105894  	4790807  	0        	32.51    	34.00    	29.00    	38.00    	23.00    	40.00    
29       	418      	721      	1961     	3961     	6927     	11800    	17479    	24440    	33385    	43362    	56499    	71430    	90252    	117565   	141566   	166595   	196123   	232016   	274503   	322804   	377542   	438841   	507227   	584661   	667822   	759763   	857936   	964112   	1078071  	1196488  	1323621  	1453347  	1590215  	1729525  	1862185  	1982227  	2086623  	2149334  	2151025  	2069470  	4725334  	0        	32.40    	34.00    	29.00    	38.00    	23.00    	40.00    
30       	44290    	1052     	2723     	4962     	8478     	13920    	19911    	27328    	36216    	46671    	59523    	75453    	92994    	123149   	147978   	173272   	202784   	238259   	281432   	329554   	383038   	446076   	514257   	591389   	674810   	764445   	863645   	968953   	1080908  	1199030  	1326655  	1456491  	1591779  	1725870  	1855591  	1980175  	2073980  	2129361  	2123679  	2032429  	4656666  	0        	32.27    	34.00    	28.00    	38.00    	22.00    	40.00    
31       	1345     	824      	2229     	4553     	7710     	13654    	19917    	27779    	37420    	48436    	62427    	78504    	96888    	126944   	152645   	177527   	208257   	244623   	287096   	337097   	392361   	453723   	524595   	599635   	684236   	775705   	872591   	978671   	1090644  	1207169  	1333520  	1461776  	1592661  	1722304  	1850182  	1966276  	2055267  	2107625  	2095815  	2007010  	4661535  	0        	32.24    	34.00    	28.00    	38.00    	22.00    	40.00    
32       	9314     	1936     	4351     	7131     	10940    	16486    	23211    	31565    	40972    	52673    	66969    	84153    	104278   	135739   	162176   	187580   	218462   	256284   	298526   	346327   	402912   	464363   	535371   	610278   	692843   	781984   	878815   	983998   	1093598  	1209053  	1331751  	1456196  	1582564  	1711584  	1831186  	1940963  	2031393  	2078078  	2062832  	1972986  	4657355  	0        	32.12    	34.00    	28.00    	38.00    	22.00    	40.00    
33       	532      	957      	2726     	5374     	9307     	15895    	23534    	32999    	43203    	55875    	70947    	89376    	109755   	142734   	168450   	193998   	225870   	263321   	306449   	355734   	412676   	473585   	543191   	619183   	702501   	791683   	889320   	992446   	1102880  	1218690  	1341253  	1466027  	1592458  	1717439  	1838205  	1943550  	2026772  	2065122  	2045817  	1946276  	4523066  	0        	32.03    	34.00    	28.00    	38.00    	22.00    	40.00    
34       	535      	1103     	3057     	6135     	10463    	17775    	25846    	35665    	46628    	60308    	76524    	94770    	116654   	149982   	176200   	202937   	235789   	273494   	317536   	366803   	423117   	485713   	555328   	631075   	714389   	803870   	898491   	1001602  	1111261  	1222494  	1340450  	1464421  	1585610  	1704737  	1818336  	1919775  	1998662  	2031042  	2007106  	1910146  	4523347  	0        	31.92    	34.00    	28.00    	38.00    	22.00    	40.00    
35       	642      	1110     	2970     	6065     	10313    	17725    	25929    	35542    	47334    	60639    	76505    	95056    	115711   	149955   	177140   	202266   	235910   	272692   	317378   	367482   	424449   	487394   	556454   	633977   	714818   	805564   	902413   	1005489  	1114403  	1228539  	1348575  	1469576  	1593058  	1715328  	1830427  	1929119  	2002151  	2033468  	2005736  	1899671  	4450203  	0        	31.90    	33.00    	28.00    	38.00    	22.00    	40.00    
36       	1224     	1254     	3539     	6800     	11957    	19960    	29076    	39774    	52075    	66843    	83933    	103598   	125776   	160922   	189245   	215606   	249118   	287864   	331934   	381536   	439155   	501377   	570451   	647648   	728764   	818273   	914422   	1013770  	1119343  	1229819  	1347195  	1465480  	1583062  	1700023  	1807240  	1904387  	1970864  	1997519  	1965686  	1859642  	4423022  	0        	31.75    	33.00    	28.00    	38.00    	21.00    	40.00    
37       	51276    	1977     	4797     	8594     	13405    	21939    	31028    	41845    	54075    	69090    	86015    	106036   	128337   	165807   	195109   	221184   	253025   	291715   	336847   	385821   	443512   	506701   	574279   	649982   	733210   	821069   	916807   	1018540  	1125730  	1235144  	1350179  	1467532  	1585099  	1697205  	1802870  	1892647  	1949698  	1970275  	1935196  	1826742  	4398837  	0        	31.63    	33.00    	27.00    	38.00    	21.00    	40.00    
38       	819      	1538     	4168     	7900     	13758    	23134    	33840    	45782    	59876    	75672    	94477    	115068   	138231   	176776   	207276   	234455   	267859   	307433   	352594   	403662   	459060   	523966   	593613   	668563   	751153   	839338   	933692   	1033900  	1137577  	1246468  	1356174  	1469669  	1581308  	1691069  	1787630  	1870549  	1925196  	1937471  	1895910  	1783778  	4318774  	0        	31.51    	33.00    	27.00    	37.00    	21.00    	40.00    
39       	1382     	1717     	4438     	8458     	14609    	24870    	35990    	48540    	63193    	80179    	99525    	120953   	145511   	185120   	215705   	243210   	277868   	316219   	361990   	414272   	470775   	535241   	603273   	679909   	762864   	848377   	940825   	1040834  	1142826  	1249629  	1355693  	1468825  	1577700  	1684663  	1776866  	1853355  	1901422  	1911187  	1866891  	1757157  	4277115  	0        	31.40    	33.00    	27.00    	37.00    	21.00    	40.00    
40       	1302     	1659     	4455     	8736     	15060    	25486    	37130    	50875    	65258    	82504    	102771   	125301   	149799   	191081   	223268   	250738   	284502   	324591   	369508   	422104   	479376   	542658   	612562   	686556   	768538   	855726   	950892   	1044930  	1146991  	1253574  	1359533  	1466182  	1576886  	1674729  	1766881  	1840444  	1885220  	1888555  	1839420  	1729055  	4264340  	0        	31.33    	33.00    	27.00    	37.00    	21.00    	40.00    
41       	1212     	1717     	4702     	8957     	15985    	26555    	38733    	52554    	68148    	85833    	106546   	128383   	154577   	196755   	227242   	256626   	290594   	329480   	375143   	427219   	485087   	549786   	619625   	694179   	776164   	863194   	955803   	1053173  	1154292  	1262178  	1367701  	1473966  	1576977  	1675567  	1763617  	1831567  	1871758  	1870899  	1815851  	1698825  	4212006  	0        	31.24    	33.00    	27.00    	37.00    	20.00    	40.00    
42       	60933    	2308     	5873     	10919    	18198    	30470    	44117    	59221    	75857    	94230    	115127   	138908   	164417   	209144   	241919   	270871   	304576   	343747   	390102   	442155   	498632   	562943   	631611   	703948   	784910   	870239   	960225   	1052962  	1151572  	1252969  	1357661  	1455140  	1556598  	1650072  	1731411  	1799866  	1833829  	1833645  	1779945  	1670166  	4207740  	0        	31.04    	33.00    	27.00    	37.00    	20.00    	40.00    
43       	130044   	2796     	7116     	13003    	20650    	33535    	46621    	61198    	78032    	97618    	118150   	141988   	169091   	213845   	246948   	274986   	310392   	349823   	395690   	447702   	504296   	566801   	635784   	710278   	789265   	876251   	963369   	1060381  	1155169  	1254132  	1354153  	1454596  	1551568  	1643659  	1720362  	1781994  	1811924  	1802865  	1744953  	1631616  	4196532  	0        	30.89    	33.00    	26.00    	37.00    	20.00    	40.00    
44       	1126     	2225     	5766     	11214    	19112    	32206    	47209    	63124    	81627    	101560   	123905   	150293   	178639   	224121   	259224   	288147   	323254   	364333   	410530   	463973   	520365   	584045   	654536   	728549   	808518   	891913   	981020   	1074370  	1172511  	1266378  	1366042  	1462994  	1557400  	1642724  	1714979  	1769584  	1793330  	1779124  	1719219  	1606401  	4123586  	0        	30.88    	32.00    	26.00    	37.00    	20.00    	40.00    
45       	1190     	2417     	6401     	12471    	20969    	35646    	51307    	68054    	87682    	108568   	131906   	158506   	186961   	234851   	269292   	298894   	333990   	374681   	422472   	474196   	532100   	596499   	665279   	738604   	818112   	901610   	987820   	1078883  	1173208  	1269005  	1364495  	1459006  	1549620  	1632186  	1699676  	1752072  	1770764  	1751776  	1689681  	1574006  	4084320  	0        	30.75    	32.00    	26.00    	37.00    	19.00    	40.00    
46       	1730     	2318     	6416     	12718    	21148    	36183    	52643    	70359    	89773    	111952   	136669   	163000   	191331   	240991   	275426   	304935   	339536   	382437   	427561   	480250   	536643   	601665   	670224   	743000   	820516   	905287   	994045   	1082134  	1176410  	1269471  	1363484  	1460116  	1546314  	1625112  	1695462  	1741884  	1758366  	1739356  	1670079  	1556306  	4065926  	0        	30.69    	32.00    	26.00    	37.00    	19.00    	40.00    
47       	4887     	2730     	7203     	13479    	22972    	38811    	55764    	74542    	95166    	117858   	142780   	169339   	199790   	251039   	286281   	315568   	350032   	392242   	438778   	491211   	548772   	610828   	679381   	751933   	829720   	913983   	998436   	1088512  	1179336  	1270984  	1363960  	1454333  	1537787  	1614495  	1676803  	1723253  	1737029  	1714903  	1646608  	1529058  	4028590  	0        	30.57    	32.00    	26.00    	37.00    	19.00    	40.00    
48       	45566    	2802     	7557     	14272    	24123    	40079    	57557    	76864    	98733    	122063   	147318   	175701   	205733   	258830   	294514   	325404   	360110   	401078   	448362   	501564   	560018   	621737   	689253   	763037   	838157   	919069   	1003408  	1089773  	1178025  	1269708  	1359836  	1444081  	1523975  	1596772  	1657585  	1696586  	1711059  	1686461  	1617466  	1502573  	4032367  	0        	30.43    	32.00    	26.00    	37.00    	19.00    	40.00    
49       	3508     	2711     	7371     	14238    	24485    	41333    	59319    	78859    	100574   	124784   	151335   	179475   	210127   	264296   	299768   	330330   	366593   	406484   	453902   	505139   	563631   	627486   	695946   	768161   	845070   	926449   	1011525  	1099204  	1187375  	1277410  	1365546  	1452549  	1533041  	1602144  	1661483  	1699109  	1707501  	1677227  	1607155  	1485850  	3950683  	0        	30.40    	32.00    	26.00    	37.00    	19.00    	40.00    
50       	1941     	2691     	7572     	14696    	25036    	42646    	62387    	83124    	105566   	130759   	158770   	187552   	220879   	278791   	314120   	345182   	379949   	423023   	470859   	522987   	580696   	644873   	714070   	789183   	864945   	947954   	1032504  	1118575  	1204623  	1294600  	1377920  	1458283  	1532357  	1596722  	1640291  	1666487  	1665231  	1625977  	1554754  	1440121  	3840480  	0        	30.20    	32.00    	25.00    	37.00    	18.00    	40.00    
Clean Quality Value Distribute
Pos      	Q0       	Q1       	Q2       	Q3       	Q4       	Q5       	Q6       	Q7       	Q8       	Q9       	Q10      	Q11      	Q12      	Q13      	Q14      	Q15      	Q16      	Q17      	Q18      	Q19      	Q20      	Q21      	Q22      	Q23      	Q24      	Q25      	Q26      	Q27      	Q28      	Q29      	Q30      	Q31      	Q32      	Q33      	Q34      	Q35      	Q36      	Q37      	Q38      	Q39      	Q40      	Q41      	Mean	Median	Lower quartile	Upper quartile	10thpercentile	90thpercentile
1        	2167     	483      	1459     	2863     	4896     	7783     	12354    	17309    	20515    	25354    	33086    	42136    	54047    	71714    	86036    	100112   	117244   	139862   	168243   	200977   	230049   	268111   	309630   	358423   	414473   	481653   	561689   	653548   	766692   	900119   	1063695  	1257301  	1490654  	1764193  	2078500  	2416498  	2752433  	3011102  	3104333  	2910427  	4451452  	0        	33.88    	36.00    	31.00    	38.00    	26.00    	40.00    
2        	807      	234      	639      	1299     	2292     	3697     	5541     	7948     	11491    	16138    	22742    	31692    	42562    	58525    	73162    	89297    	108406   	133404   	165020   	202648   	238514   	279264   	327658   	383077   	446752   	519159   	602674   	697466   	805447   	932211   	1076143  	1240507  	1433002  	1655278  	1905436  	2187332  	2484840  	2764434  	2959674  	2973606  	5463597  	0        	34.03    	36.00    	31.00    	39.00    	26.00    	40.00    
3        	44381    	1497     	2245     	2555     	2737     	3861     	5738     	7956     	10842    	14701    	20438    	28114    	37066    	51973    	66190    	81833    	101315   	125131   	155338   	193623   	231090   	274748   	324496   	382211   	448243   	526397   	612441   	712143   	827600   	954529   	1103576  	1273398  	1467353  	1687392  	1937407  	2206490  	2482815  	2727330  	2882147  	2863605  	5470670  	0        	33.98    	36.00    	31.00    	39.00    	26.00    	40.00    
4        	256      	132      	405      	705      	1276     	2128     	3549     	5680     	8294     	12067    	17876    	25007    	34508    	49380    	63307    	79330    	99536    	124835   	157567   	196112   	235173   	280271   	333244   	393968   	462401   	541497   	630764   	732114   	848193   	977944   	1126178  	1290814  	1482428  	1700380  	1939255  	2201747  	2463429  	2700331  	2849524  	2834024  	5447986  	0        	33.99    	36.00    	31.00    	39.00    	26.00    	40.00    
5        	329      	93       	257      	563      	1060     	1886     	3134     	4826     	7194     	10822    	15983    	22635    	32012    	45205    	58791    	75639    	96198    	122078   	154967   	194675   	235520   	283556   	337675   	400150   	472163   	552220   	644774   	748453   	865110   	996529   	1148319  	1315707  	1500647  	1709564  	1941690  	2185972  	2433157  	2651797  	2793684  	2791514  	5497067  	0        	33.97    	35.00    	31.00    	39.00    	26.00    	40.00    
6        	296      	90       	213      	449      	831      	1538     	2544     	4255     	6337     	9649     	14615    	21153    	29697    	43284    	56698    	72846    	92699    	118789   	152364   	192819   	234454   	282056   	336580   	399693   	472967   	555090   	649625   	753983   	870038   	1003751  	1152979  	1320673  	1505868  	1711403  	1937189  	2182494  	2426913  	2647762  	2793144  	2790272  	5505515  	0        	33.98    	35.00    	31.00    	39.00    	26.00    	40.00    
7        	5761     	396      	910      	1271     	1697     	2439     	3815     	5566     	7388     	10336    	14599    	20903    	29060    	41179    	54532    	69714    	89512    	114722   	148162   	188758   	228971   	277515   	332773   	395564   	470446   	552148   	646821   	752123   	872896   	1005116  	1156401  	1322377  	1511039  	1717409  	1948413  	2188621  	2436659  	2658390  	2804234  	2802747  	5462232  	0        	33.99    	35.00    	31.00    	39.00    	26.00    	40.00    
8        	85       	79       	232      	440      	839      	1520     	2539     	3953     	6226     	9033     	13979    	20287    	28829    	41067    	54578    	70748    	91426    	117135   	151832   	192867   	235346   	286136   	343666   	409513   	485299   	569852   	663523   	772303   	891174   	1023905  	1170085  	1330652  	1510579  	1709175  	1925199  	2155933  	2383459  	2592457  	2729162  	2736720  	5621783  	0        	33.95    	35.00    	31.00    	39.00    	26.00    	40.00    
9        	16063    	3563     	5156     	5147     	4796     	4588     	5139     	6197     	8258     	11514    	16219    	22930    	32228    	47335    	62750    	79876    	101836   	128466   	163909   	207619   	251942   	302723   	361800   	431526   	506378   	592297   	689745   	796699   	914636   	1046148  	1189161  	1347698  	1526588  	1716483  	1921457  	2138997  	2348471  	2532946  	2650727  	2644316  	5509288  	0        	33.75    	35.00    	31.00    	39.00    	25.00    	40.00    
10       	3729     	72       	287      	551      	1268     	3375     	5262     	6640     	8709     	11873    	17036    	24496    	34377    	48999    	65095    	82371    	106380   	133399   	171779   	218784   	262975   	315266   	377905   	445622   	523143   	611189   	707880   	817338   	937043   	1070809  	1214453  	1374582  	1548084  	1739771  	1944777  	2156148  	2357130  	2523150  	2618296  	2582493  	5281079  	0        	33.64    	35.00    	30.00    	38.00    	25.00    	40.00    
11       	2398     	107      	332      	633      	1129     	2050     	3398     	5261     	8013     	11845    	17281    	25235    	35022    	49262    	64946    	84045    	108688   	137954   	176256   	221421   	268997   	323891   	386567   	458045   	536523   	626598   	722976   	833686   	954430   	1082252  	1227878  	1381356  	1551650  	1730118  	1918815  	2114724  	2303225  	2456695  	2547918  	2530140  	5441855  	0        	33.60    	35.00    	30.00    	38.00    	25.00    	40.00    
12       	452      	96       	258      	516      	1008     	1761     	2938     	4483     	7077     	10424    	15700    	22577    	31866    	45151    	60542    	78616    	102233   	131554   	168922   	214388   	260946   	316848   	378390   	449680   	528787   	618502   	717623   	830128   	951518   	1082347  	1226594  	1383100  	1553023  	1733940  	1929277  	2127611  	2319788  	2481561  	2580263  	2559813  	5423314  	0        	33.67    	35.00    	30.00    	38.00    	25.00    	40.00    
13       	201656   	577      	1318     	2041     	2629     	3852     	5021     	6779     	9323     	13161    	18609    	26784    	36462    	53146    	69731    	88976    	113657   	143013   	181975   	228693   	275605   	329238   	392590   	464536   	541311   	630703   	727917   	834270   	952223   	1079992  	1217167  	1369280  	1531924  	1701555  	1886775  	2075362  	2255176  	2408302  	2502177  	2483200  	5486909  	0        	33.34    	35.00    	30.00    	38.00    	25.00    	40.00    
14       	169      	95       	287      	569      	1057     	1998     	3263     	5240     	7764     	11658    	17452    	25487    	35109    	50446    	66970    	85804    	111337   	141679   	180624   	229288   	276694   	333018   	397003   	470190   	550674   	641331   	740954   	850894   	970879   	1100811  	1241847  	1393470  	1556608  	1732189  	1915659  	2102555  	2281164  	2426899  	2512564  	2491958  	5389958  	0        	33.53    	35.00    	30.00    	38.00    	25.00    	40.00    
15       	254      	84       	260      	504      	991      	1894     	3119     	4961     	7506     	11296    	16727    	24149    	34183    	48796    	64607    	84425    	109284   	138936   	179154   	227049   	274905   	331247   	397193   	470516   	553980   	645471   	746977   	855654   	976142   	1108686  	1249677  	1400882  	1567468  	1742359  	1923273  	2112947  	2286121  	2430434  	2507271  	2480452  	5333781  	0        	33.52    	35.00    	30.00    	38.00    	25.00    	40.00    
16       	92       	88       	317      	613      	1114     	1987     	3351     	5357     	7986     	11892    	17406    	25389    	35460    	50494    	66611    	86400    	111398   	142322   	181168   	230038   	279094   	337373   	400565   	475191   	558186   	650355   	751231   	863365   	983624   	1115168  	1255631  	1407402  	1569617  	1743227  	1925485  	2104482  	2278172  	2415569  	2490691  	2460089  	5309615  	0        	33.48    	35.00    	30.00    	38.00    	25.00    	40.00    
17       	161      	124      	323      	618      	1177     	2307     	3785     	5548     	8674     	13044    	19150    	27296    	37785    	53869    	71367    	91905    	117396   	149459   	189533   	239176   	289475   	347400   	412755   	487669   	568792   	661832   	763840   	872091   	991892   	1122867  	1262899  	1412736  	1572638  	1742522  	1916939  	2091961  	2253814  	2386170  	2454670  	2418633  	5289323  	0        	33.40    	35.00    	30.00    	38.00    	25.00    	40.00    
18       	151      	122      	321      	747      	1456     	2464     	4035     	6393     	9532     	14119    	20427    	29104    	40396    	56743    	74699    	96076    	122180   	155637   	196976   	247028   	298089   	356738   	422790   	496367   	580508   	672186   	772280   	882678   	1003024  	1132802  	1268592  	1417248  	1575671  	1739226  	1912963  	2083635  	2240746  	2363518  	2427953  	2390532  	5237463  	0        	33.32    	35.00    	30.00    	38.00    	25.00    	40.00    
19       	104      	118      	371      	730      	1309     	2361     	4040     	6212     	9374     	13482    	19922    	28673    	39600    	55765    	73544    	95114    	121880   	154507   	196598   	246489   	297556   	355701   	423289   	497799   	582164   	673056   	776836   	885662   	1005446  	1135575  	1274555  	1428779  	1584347  	1749738  	1919195  	2089202  	2241588  	2364730  	2424543  	2380153  	5193508  	0        	33.31    	35.00    	30.00    	38.00    	25.00    	40.00    
20       	179062   	552      	1148     	1634     	2301     	3616     	5454     	7778     	11054    	16082    	23222    	32778    	44903    	63008    	82623    	104418   	132038   	165655   	208014   	260281   	309622   	367859   	434177   	509333   	592339   	683865   	781435   	890101   	1008268  	1133161  	1269773  	1412589  	1568523  	1723775  	1888722  	2050209  	2195047  	2310975  	2359685  	2315624  	5202912  	0        	33.01    	35.00    	30.00    	38.00    	24.00    	40.00    
21       	130      	148      	441      	843      	1604     	2917     	4805     	7239     	10948    	15823    	22967    	32362    	44487    	62062    	81061    	103663   	131723   	165472   	208847   	259844   	312093   	371935   	439343   	516086   	599968   	691054   	794617   	907001   	1023754  	1153613  	1290845  	1437457  	1592972  	1751008  	1914687  	2075035  	2223121  	2330289  	2372176  	2319117  	5080058  	0        	33.16    	35.00    	30.00    	38.00    	24.00    	40.00    
22       	15817    	395      	971      	1617     	2406     	3866     	5818     	8711     	12487    	18011    	26216    	36110    	49365    	70399    	90396    	114455   	143793   	178264   	223779   	276200   	329566   	390293   	458180   	533338   	617190   	707375   	807827   	917387   	1033148  	1160560  	1293145  	1435174  	1582244  	1739102  	1895759  	2048377  	2185791  	2281507  	2321497  	2267343  	5069736  	0        	33.01    	34.00    	29.00    	38.00    	24.00    	40.00    
23       	2220     	582      	1233     	2063     	3024     	4700     	6990     	10037    	14138    	20242    	28716    	39845    	52909    	73183    	93998    	118166   	147635   	185039   	229108   	283844   	337246   	397343   	463335   	541981   	625971   	717236   	816823   	926834   	1042996  	1169166  	1301814  	1439852  	1590432  	1741771  	1893249  	2040974  	2169794  	2264697  	2300037  	2235939  	5018453  	0        	32.95    	34.00    	29.00    	38.00    	24.00    	40.00    
24       	189      	220      	583      	1187     	2206     	4018     	6680     	9883     	14711    	20701    	29691    	41108    	54913    	76242    	97445    	122117   	152123   	189369   	233365   	288554   	340443   	402034   	470460   	545588   	630723   	724388   	823404   	932425   	1049710  	1174451  	1307167  	1446667  	1590349  	1742707  	1892579  	2036676  	2163343  	2256579  	2282968  	2219946  	4975703  	0        	32.91    	34.00    	29.00    	38.00    	24.00    	40.00    
25       	176      	261      	681      	1481     	2575     	4727     	7817     	11223    	16287    	22914    	32464    	44566    	59577    	81283    	103370   	129217   	159458   	196821   	243870   	297791   	351377   	412515   	480757   	558826   	643342   	733268   	835256   	939545   	1055939  	1178844  	1311802  	1448141  	1591877  	1740222  	1882693  	2027233  	2145670  	2233146  	2253291  	2190927  	4922385  	0        	32.81    	34.00    	29.00    	38.00    	24.00    	40.00    
26       	309      	508      	1368     	2812     	5025     	8883     	13259    	19010    	25850    	34078    	45073    	58774    	74333    	98737    	120128   	144578   	172506   	206854   	247870   	294531   	349225   	410202   	478656   	555151   	641005   	729821   	830061   	938146   	1056208  	1178838  	1309842  	1446628  	1589773  	1734740  	1878603  	2016699  	2132847  	2216637  	2238454  	2167900  	4879693  	0        	32.69    	34.00    	29.00    	38.00    	23.00    	40.00    
27       	581      	623      	1658     	3255     	5728     	10000    	14955    	21051    	28542    	38045    	49307    	63345    	79875    	106447   	129320   	152620   	181925   	217346   	259029   	306254   	359781   	421045   	491663   	568174   	649922   	741608   	841600   	947142   	1061789  	1183606  	1312166  	1447906  	1586607  	1729417  	1873317  	2003463  	2115728  	2191599  	2206325  	2130437  	4820414  	0        	32.58    	34.00    	29.00    	38.00    	23.00    	40.00    
28       	327      	659      	1753     	3387     	6319     	10554    	16007    	22333    	30643    	40110    	52170    	66261    	83992    	110598   	134016   	158229   	186835   	222174   	264602   	311232   	365664   	428003   	496700   	571380   	656404   	749275   	845922   	954117   	1066770  	1187617  	1315928  	1450632  	1587823  	1728949  	1866873  	1995525  	2105887  	2179190  	2184162  	2105314  	4789279  	0        	32.52    	34.00    	29.00    	38.00    	23.00    	40.00    
29       	366      	720      	1961     	3958     	6925     	11797    	17473    	24435    	33372    	43350    	56488    	71397    	90224    	117525   	141505   	166542   	196035   	231925   	274408   	322649   	377406   	438613   	506993   	584350   	667463   	759285   	857449   	963514   	1077385  	1195633  	1322711  	1452334  	1589136  	1728438  	1861089  	1981201  	2085647  	2148456  	2150353  	2068882  	4724222  	0        	32.40    	34.00    	29.00    	38.00    	23.00    	40.00    
30       	44219    	1052     	2723     	4962     	8476     	13919    	19909    	27325    	36209    	46664    	59516    	75441    	92981    	123128   	147947   	173244   	202750   	238219   	281371   	329466   	382923   	445948   	514107   	591196   	674558   	764157   	863319   	968547   	1080398  	1198502  	1326030  	1455761  	1590891  	1724916  	1854499  	1978951  	2072749  	2128107  	2122526  	2031311  	4654698  	0        	32.26    	34.00    	28.00    	38.00    	22.00    	40.00    
31       	1250     	824      	2229     	4553     	7708     	13653    	19914    	27773    	37413    	48428    	62419    	78498    	96867    	126923   	152620   	177488   	208209   	244571   	287034   	337017   	392266   	453602   	524459   	599455   	684022   	775431   	872281   	978293   	1090190  	1206649  	1332895  	1461076  	1591843  	1721401  	1849159  	1965102  	2053981  	2106342  	2094594  	2005811  	4659372  	0        	32.24    	34.00    	28.00    	38.00    	22.00    	40.00    
32       	9230     	1936     	4351     	7126     	10934    	16479    	23195    	31552    	40954    	52654    	66932    	84115    	104229   	135678   	162089   	187469   	218328   	256131   	298369   	346113   	402672   	464070   	535041   	609891   	692405   	781492   	878255   	983363   	1092886  	1208327  	1331013  	1455308  	1581685  	1710707  	1830283  	1940084  	2030542  	2077251  	2062086  	1972336  	4656054  	0        	32.12    	34.00    	28.00    	38.00    	22.00    	40.00    
33       	448      	957      	2725     	5372     	9303     	15888    	23530    	32993    	43194    	55860    	70922    	89351    	109724   	142689   	168389   	193941   	225795   	263216   	306334   	355608   	412545   	473425   	542967   	618910   	702194   	791302   	888900   	991952   	1102307  	1218028  	1340505  	1465193  	1591535  	1716427  	1837114  	1942405  	2025695  	2064039  	2044917  	1945459  	4521557  	0        	32.03    	34.00    	28.00    	38.00    	22.00    	40.00    
34       	448      	1101     	3056     	6126     	10451    	17758    	25819    	35630    	46584    	60237    	76434    	94665    	116540   	149836   	176021   	202727   	235563   	273231   	317268   	366485   	422786   	485345   	554878   	630594   	713875   	803299   	897875   	1000959  	1110558  	1221763  	1339710  	1463681  	1584824  	1704036  	1817605  	1919121  	1997993  	2030497  	2006546  	1909701  	4521989  	0        	31.92    	34.00    	28.00    	38.00    	22.00    	40.00    
35       	552      	1110     	2967     	6063     	10312    	17716    	25922    	35532    	47316    	60620    	76485    	95023    	115671   	149888   	177071   	202188   	235817   	272579   	317223   	367308   	424264   	487141   	556156   	633623   	714418   	805078   	901864   	1004828  	1113680  	1227727  	1347650  	1468616  	1591987  	1714315  	1829378  	1928098  	2001267  	2032694  	2005092  	1899157  	4449219  	0        	31.90    	33.00    	28.00    	38.00    	22.00    	40.00    
36       	1093     	1254     	3539     	6797     	11955    	19957    	29074    	39763    	52061    	66832    	83916    	103566   	125743   	160897   	189204   	215546   	249073   	287789   	331832   	381430   	439018   	501201   	570241   	647417   	728461   	817944   	914028   	1013323  	1118825  	1229227  	1346486  	1464741  	1582208  	1699068  	1806185  	1903268  	1969782  	1996397  	1964713  	1858688  	4421073  	0        	31.75    	33.00    	28.00    	38.00    	21.00    	40.00    
37       	51132    	1977     	4796     	8590     	13403    	21936    	31020    	41836    	54062    	69066    	85989    	105999   	128279   	165743   	195001   	221058   	252858   	291541   	336627   	385506   	443205   	506322   	573804   	649415   	732510   	820312   	916037   	1017668  	1124830  	1234197  	1349231  	1466655  	1584283  	1696362  	1802091  	1892018  	1949128  	1969771  	1934786  	1826467  	4398104  	0        	31.63    	33.00    	27.00    	38.00    	21.00    	40.00    
38       	719      	1536     	4166     	7897     	13753    	23126    	33820    	45758    	59855    	75647    	94446    	115025   	138176   	176686   	207186   	234334   	267733   	307276   	352432   	403462   	458812   	523681   	593281   	668142   	750684   	838820   	933045   	1033233  	1136855  	1245645  	1355286  	1468839  	1580393  	1690146  	1786707  	1869699  	1924402  	1936726  	1895265  	1783307  	4317614  	0        	31.51    	33.00    	27.00    	37.00    	21.00    	40.00    
39       	1260     	1717     	4436     	8452     	14592    	24851    	35955    	48487    	63152    	80101    	99423    	120842   	145367   	184935   	215511   	243000   	277603   	315933   	361696   	413919   	470411   	534833   	602782   	679378   	762308   	847794   	940278   	1040153  	1142126  	1248880  	1355020  	1468077  	1576980  	1683998  	1776210  	1852719  	1900812  	1910642  	1866393  	1756743  	4275846  	0        	31.41    	33.00    	27.00    	37.00    	21.00    	40.00    
40       	1199     	1659     	4453     	8731     	15056    	25477    	37116    	50856    	65232    	82472    	102740   	125228   	149738   	190981   	223170   	250647   	284390   	324451   	369348   	421896   	479155   	542378   	612226   	686183   	768079   	855233   	950311   	1044322  	1146292  	1252851  	1358760  	1465364  	1575969  	1673789  	1765956  	1839575  	1884335  	1887801  	1838751  	1728495  	4262950  	0        	31.33    	33.00    	27.00    	37.00    	21.00    	40.00    
41       	1108     	1716     	4702     	8956     	15983    	26554    	38721    	52546    	68139    	85812    	106518   	128358   	154545   	196704   	227186   	256557   	290504   	329395   	375031   	427100   	484933   	549619   	619397   	693909   	775875   	862864   	955417   	1052702  	1153755  	1261525  	1366938  	1473194  	1576106  	1674612  	1762596  	1830536  	1870691  	1869836  	1814854  	1697922  	4210199  	0        	31.24    	33.00    	27.00    	37.00    	20.00    	40.00    
42       	60796    	2306     	5872     	10919    	18196    	30470    	44113    	59213    	75847    	94216    	115111   	138886   	164390   	209115   	241886   	270821   	304522   	343679   	390026   	442058   	498529   	562805   	631455   	703755   	784689   	870019   	959942   	1052632  	1151223  	1252502  	1357140  	1454515  	1555935  	1649300  	1730503  	1798856  	1832705  	1832455  	1778717  	1668929  	4204567  	0        	31.04    	33.00    	27.00    	37.00    	20.00    	40.00    
43       	129906   	2796     	7115     	12997    	20640    	33526    	46609    	61168    	77994    	97575    	118071   	141889   	168973   	213659   	246763   	274760   	310177   	349537   	395367   	447349   	503881   	566316   	635253   	709740   	788615   	875560   	962626   	1059630  	1154388  	1253385  	1353407  	1453792  	1550847  	1642963  	1719719  	1781382  	1811434  	1802404  	1744523  	1631269  	4195610  	0        	30.89    	33.00    	26.00    	37.00    	20.00    	40.00    
44       	1029     	2223     	5764     	11210    	19108    	32198    	47189    	63104    	81603    	101537   	123867   	150239   	178565   	224027   	259110   	288018   	323107   	364189   	410345   	463760   	520152   	583767   	654213   	728188   	808118   	891435   	980518   	1073795  	1171867  	1265714  	1365318  	1462240  	1556611  	1641871  	1714109  	1768715  	1792472  	1778308  	1718463  	1605775  	4121774  	0        	30.88    	32.00    	26.00    	37.00    	20.00    	40.00    
45       	1064     	2417     	6397     	12466    	20964    	35640    	51296    	68035    	87656    	108534   	131868   	158462   	186906   	234777   	269217   	298790   	333881   	374542   	422289   	473989   	531880   	596241   	664975   	738249   	817701   	901136   	987257   	1078303  	1172481  	1268292  	1363669  	1458124  	1548680  	1631221  	1698734  	1751149  	1769863  	1751000  	1688964  	1573425  	4083081  	0        	30.75    	32.00    	26.00    	37.00    	19.00    	40.00    
46       	1609     	2318     	6416     	12711    	21142    	36176    	52633    	70337    	89755    	111920   	136614   	162947   	191268   	240896   	275341   	304818   	339406   	382283   	427386   	480045   	536393   	601388   	669898   	742665   	820074   	904785   	993482   	1081549  	1175775  	1268780  	1362758  	1459320  	1545511  	1624341  	1694609  	1741058  	1757562  	1738552  	1669365  	1555652  	4064077  	0        	30.69    	32.00    	26.00    	37.00    	19.00    	40.00    
47       	4784     	2729     	7199     	13471    	22967    	38799    	55742    	74526    	95144    	117820   	142737   	169271   	199729   	250965   	286171   	315436   	349891   	392094   	438579   	490996   	548512   	610535   	679031   	751580   	829274   	913441   	997873   	1087899  	1178643  	1270236  	1363171  	1453497  	1536915  	1613585  	1675918  	1722403  	1736203  	1714133  	1645934  	1528467  	4027315  	0        	30.57    	32.00    	26.00    	37.00    	19.00    	40.00    
48       	45438    	2801     	7556     	14272    	24120    	40074    	57550    	76853    	98726    	122047   	147295   	175671   	205705   	258783   	294455   	325341   	360051   	400997   	448265   	501430   	559890   	621586   	689051   	762840   	837910   	918799   	1003066  	1089377  	1177558  	1269168  	1359184  	1443411  	1523167  	1595811  	1656603  	1695532  	1709988  	1685256  	1616321  	1501434  	4030233  	0        	30.43    	32.00    	26.00    	37.00    	19.00    	40.00    
49       	3404     	2711     	7371     	14237    	24476    	41328    	59308    	78839    	100559   	124751   	151293   	179432   	210065   	264239   	299685   	330229   	366450   	406345   	453754   	504947   	563420   	627226   	695620   	767796   	844667   	925992   	1010995  	1098627  	1186680  	1276671  	1364762  	1451754  	1532166  	1601295  	1660591  	1698198  	1706621  	1676427  	1606394  	1485221  	3949069  	0        	30.40    	32.00    	26.00    	37.00    	19.00    	40.00    
50       	1811     	2690     	7570     	14695    	25031    	42638    	62373    	83108    	105549   	130733   	158738   	187503   	220821   	278726   	314036   	345083   	379830   	422898   	470716   	522810   	580492   	644612   	713798   	788855   	864577   	947492   	1032034  	1118033  	1204043  	1293939  	1377188  	1457496  	1531437  	1595799  	1639353  	1665520  	1664261  	1625023  	1553964  	1439375  	3838965  	0        	30.20    	32.00    	25.00    	37.00    	18.00    	40.00    
