26826
100302741
100033429
727708
100873748
96626
100996939
6218
100526830
100286793
445329
63915
100526737
5343
727940
100885850
100528031
85319
653404
9729
54754
647033
8626
723961
400224
220382
79974
100499183
9705
51313
1608
83482
5179
116
51299
2020
100133161
219287
22987
5455
170482
151449
89780
23026
200373
4023
6616
7412
2019
7471
64641
387763
8293
114780
6586
3736
7200
22915
83894
257144
100131205
399753
4982
84107
115019
4978
1995
57565
6855
83444
2116
4354
285888
26353
23462
84870
5662
25878
10071
8516
4862
2012
116372
4741
2669
5079
9353
1879
440556
2823
100534612
23345
399947
4485
5992
9586
80820
56171
161357
154664
8877
793
1593
138724
220164
3270
4208
1735
5743
5806
91522
2863
223117
56751
4747
3556
79870
2
80852
1016
8553
100507098
441432
7262
23504
54715
56892
5067
116843
7058
4773
9480
7980
1767
10320
2302
10046
5791
284654
7227
5244
9510
8693
7164
100289178
5325
51339
1004
27303
57061
3383
9211
23544
727851
282996
11122
114088
1038
414216
7479
8972
649446
1804
253738
114905
81551
2122
5629
54102
1281
5153
441212
771
5101
94015
5010
284297
100431172
64067
2066
5077
55619
220441
4929
2516
28316
9734
22874
100534012
2791
3164
81035
2869
26509
388
341019
128102
6303
728577
43
55083
8938
10397
753
10512
2571
51314
64084
166824
1278
7538
11178
441273
162993
2890
7020
3726
196475
8618
283131
386593
7849
92293
552
58524
1850
121456
8038
8013
4135
2525
29944
1008
5980
814
6001
11223
81606
399959
81849
64221
11211
23114
401145
100132403
340419
8495
1298
1130
4005
1815
200162
646600
414236
168090
57514
199223
284395
7107
81704
132671
100533496
3897
84168
100529215
146760
9508
400966
57526
169044
9934
2637
11221
57101
79971
1028
1288
3725
79812
56034
6585
29907
1277
654466
64220
4092
84918
79839
81794
2650
6744
124989
57639
4009
1740
161829
7128
2925
163782
2308
54502
326332
5380
84074
54768
89795
2353
26115
4681
374383
114818
286297
79940
3386
81553
27133
165215
64167
132864
388630
10142
63976
3096
344148
100271927
144402
3371
2004
5797
10252
23251
84623
1520
3716
153020
353355
64123
10253
2018
55779
744
116931
182
57381
5502
3977
688
653
26827
100532736
100528018
100526831
100310812
7276
548596
100526739
100526772
100528016
387628
286380
100996928
728492
50624
8862
339456
390992
174
100288695
200030
1592
161003
642826
124925
27293
84691
100528064
84891
3013
8820
7113
168002
8928
120071
125704
93649
338596
27123
4881
1003
10053
138715
2899
284076
3795
51050
1366
7139
2016
4879
22865
7855
6337
7447
3785
8332
54845
4004
57111
123036
10873
100033431
79094
9378
729085
64785
127707
2041
26262
154141
4602
153469
8329
28971
93099
23338
4990
8479
84894
445
138716
115701
6997
1978
8318
84915
25891
11245
100033430
23600
121642
3009
408050
898
8335
65266
8342
5420
389549
55237
8140
8334
2253
148281
8356
4605
95
8355
282969
7137
7083
84889
9088
8344
653604
51087
64943
8346
8325
440
8970
70
85235
8208
8357
8614
128272
100506071
55702
7138
7351
11098
6496
7010
2192
249
990
26090
7453
151313
30062
51659
374946
1465
729533
4174
3007
340348
56936
8340
4782
57228
23166
57530
51400
9074
875
79007
8348
5347
11130
79831
140730
83543
3704
7450
4257
2842
55711
8969
254863
57171
29082
10587
5106
57117
332
3880
51301
3798
8818
203068
256691
26227
83461
