Pos      	Q0       	Q1       	Q2       	Q3       	Q4       	Q5       	Q6       	Q7       	Q8       	Q9       	Q10      	Q11      	Q12      	Q13      	Q14      	Q15      	Q16      	Q17      	Q18      	Q19      	Q20      	Q21      	Q22      	Q23      	Q24      	Q25      	Q26      	Q27      	Q28      	Q29      	Q30      	Q31      	Q32      	Q33      	Q34      	Q35      	Q36      	Q37      	Q38      	Q39      	Q40      	Q41      	Mean	Median	Lower quartile	Upper quartile	10thpercentile	90thpercentile
1        	2126     	426      	1256     	2703     	4570     	7491     	11811    	17134    	19775    	24935    	32257    	41433    	52882    	71319    	85623    	99378    	116689   	138038   	165845   	199684   	230780   	265829   	307637   	356039   	411488   	475922   	552925   	643198   	750451   	876752   	1030736  	1218186  	1440956  	1705732  	2014798  	2357617  	2716999  	3031354  	3201465  	3092977  	4891928  	0        	34.03    	36.00    	31.00    	38.00    	26.00    	40.00    
2        	394      	226      	780      	1594     	2535     	4172     	6063     	8793     	12756    	17679    	24929    	34221    	45251    	62005    	77836    	94798    	115626   	141257   	173122   	211215   	249139   	291245   	341589   	396934   	460855   	535604   	620005   	716996   	825333   	953635   	1097800  	1266204  	1458901  	1679676  	1929278  	2209343  	2505382  	2781931  	2962993  	2956262  	5394787  	0        	33.94    	36.00    	31.00    	39.00    	25.00    	40.00    
3        	50553    	1551     	2543     	2655     	2974     	4224     	6067     	8672     	11862    	15803    	22067    	30514    	39941    	55726    	70773    	87670    	107136   	133100   	165207   	204910   	243243   	288801   	339790   	400084   	467302   	545915   	634786   	737462   	852452   	982387   	1133558  	1303697  	1503596  	1725129  	1975221  	2241465  	2516600  	2756038  	2891159  	2849864  	5256647  	0        	33.84    	35.00    	31.00    	38.00    	25.00    	40.00    
4        	207      	137      	448      	866      	1286     	2476     	3994     	6114     	9032     	13296    	19292    	27357    	37704    	52802    	67686    	84807    	106676   	132165   	165870   	206422   	247493   	294210   	348952   	410088   	481906   	564161   	656807   	759697   	876540   	1009900  	1159535  	1331906  	1524651  	1741088  	1985732  	2248763  	2504010  	2729479  	2850970  	2799292  	5205327  	0        	33.85    	35.00    	31.00    	38.00    	25.00    	40.00    
5        	264      	119      	273      	601      	1137     	1957     	3312     	5057     	7770     	11636    	17131    	24640    	33999    	47674    	62801    	80298    	101875   	127670   	162344   	204270   	246494   	295546   	352955   	416270   	490741   	573515   	669279   	776716   	895792   	1030845  	1183207  	1350655  	1539677  	1748684  	1977745  	2213491  	2452279  	2653716  	2778392  	2757473  	5370844  	0        	33.85    	35.00    	31.00    	38.00    	25.00    	40.00    
6        	162      	84       	205      	512      	871      	1618     	2803     	4251     	6703     	10122    	15155    	22053    	30954    	44577    	58499    	75256    	96502    	123199   	157012   	198442   	241256   	290020   	346680   	411274   	485696   	571565   	664863   	772497   	893052   	1027008  	1179051  	1347953  	1540411  	1752599  	1986421  	2235340  	2478966  	2691646  	2815050  	2780951  	5307865  	0        	33.89    	35.00    	31.00    	38.00    	26.00    	40.00    
7        	6602     	492      	983      	1435     	1909     	2746     	4093     	5788     	7961     	10653    	15216    	21424    	29720    	42853    	55945    	72095    	92031    	117382   	150185   	190814   	232635   	280142   	335347   	400825   	473357   	559276   	651822   	760029   	878321   	1010867  	1162018  	1328719  	1518051  	1726354  	1954172  	2197248  	2448534  	2676594  	2831652  	2840531  	5572323  	0        	33.99    	36.00    	31.00    	39.00    	26.00    	40.00    
8        	73       	79       	228      	471      	885      	1622     	2630     	4302     	6493     	9862     	14775    	21337    	30313    	43036    	56863    	74199    	95386    	122339   	156877   	199841   	243884   	293994   	352417   	421286   	496936   	583184   	681796   	789333   	909717   	1043961  	1192667  	1357448  	1536167  	1736406  	1951261  	2177003  	2403770  	2600061  	2728973  	2733164  	5594105  	0        	33.89    	35.00    	31.00    	39.00    	26.00    	40.00    
9        	18392    	3967     	5763     	5822     	5172     	5098     	5582     	6580     	8530     	11984    	16901    	23873    	33026    	48489    	63933    	81545    	103550   	131151   	167374   	210993   	255797   	307264   	368055   	436235   	514681   	601199   	699089   	809325   	929671   	1062757  	1210124  	1369205  	1549136  	1741236  	1944036  	2159709  	2368734  	2553960  	2671206  	2663968  	5496032  	0        	33.71    	35.00    	31.00    	38.00    	25.00    	40.00    
10       	3983     	66       	217      	517      	1287     	3513     	5061     	6533     	8333     	11499    	16119    	23145    	32221    	46896    	61946    	79417    	101425   	130077   	167124   	212132   	255789   	308676   	368038   	436118   	514085   	599932   	695369   	802590   	923339   	1054113  	1199294  	1360047  	1535544  	1726701  	1928525  	2145599  	2355944  	2542939  	2662119  	2668076  	5674796  	0        	33.79    	35.00    	31.00    	39.00    	25.00    	40.00    
11       	2601     	102      	304      	610      	1095     	2028     	3280     	5169     	7949     	11707    	17618    	25167    	35199    	49860    	65527    	83626    	108197   	137968   	176593   	222189   	269192   	324056   	387136   	457376   	538709   	627969   	726892   	836542   	954580   	1087216  	1234273  	1389526  	1562278  	1746219  	1938350  	2140616  	2335381  	2502671  	2591074  	2574246  	5488053  	0        	33.63    	35.00    	30.00    	38.00    	25.00    	40.00    
12       	96       	82       	233      	568      	965      	1737     	2884     	4527     	6924     	10377    	15495    	22497    	31922    	45511    	60670    	78745    	102267   	130927   	168208   	213460   	260906   	315992   	378569   	450844   	531280   	621716   	721770   	832819   	955767   	1089300  	1233322  	1395546  	1564683  	1752026  	1949604  	2152043  	2348373  	2514318  	2618672  	2601262  	5482237  	0        	33.69    	35.00    	30.00    	38.00    	25.00    	40.00    
13       	224703   	611      	1378     	2109     	2800     	3948     	4987     	6662     	9456     	13146    	18889    	26300    	36116    	52818    	69437    	88982    	112082   	142318   	181088   	227555   	275252   	328680   	390907   	462967   	541790   	629339   	726317   	834626   	953634   	1079915  	1219712  	1371246  	1537177  	1714125  	1898315  	2091845  	2276867  	2439095  	2541175  	2532558  	5598217  	0        	33.36    	35.00    	30.00    	38.00    	25.00    	40.00    
14       	172      	89       	264      	536      	1051     	2090     	3348     	5214     	8000     	11829    	17492    	25286    	35481    	50801    	67169    	86223    	111225   	141351   	180579   	228078   	276800   	332717   	396637   	470214   	551289   	641702   	742666   	854729   	973480   	1108026  	1251954  	1406896  	1574273  	1754950  	1944519  	2132329  	2320057  	2471236  	2560282  	2533079  	5395031  	0        	33.55    	35.00    	30.00    	38.00    	25.00    	40.00    
15       	71       	89       	200      	530      	1010     	1856     	3015     	4897     	7460     	11090    	16581    	23997    	34246    	48000    	63970    	83783    	108372   	138696   	176587   	225626   	274226   	329335   	395932   	469877   	552512   	643041   	746876   	858698   	980122   	1113878  	1258794  	1411396  	1579006  	1758726  	1944559  	2130690  	2310174  	2456140  	2547762  	2523792  	5433532  	0        	33.56    	35.00    	30.00    	38.00    	25.00    	40.00    
16       	62       	99       	270      	649      	1058     	1982     	3331     	5146     	7774     	11623    	17425    	25103    	35446    	49914    	65721    	86007    	110394   	141315   	181058   	228439   	278337   	335294   	399947   	474676   	557977   	650602   	752345   	862679   	986727   	1118933  	1265240  	1420953  	1589376  	1764467  	1953041  	2139521  	2317300  	2463326  	2540755  	2506337  	5318495  	0        	33.51    	35.00    	30.00    	38.00    	25.00    	40.00    
17       	129      	124      	324      	656      	1204     	2210     	3678     	5692     	8605     	12690    	18841    	26751    	37429    	52823    	70047    	90194    	115600   	147515   	187207   	236430   	286501   	343901   	410503   	484936   	569178   	659552   	762452   	874721   	996598   	1129426  	1269322  	1425073  	1591367  	1764251  	1946821  	2127948  	2298674  	2436909  	2506479  	2466465  	5299918  	0        	33.43    	35.00    	30.00    	38.00    	25.00    	40.00    
18       	104      	120      	351      	745      	1284     	2487     	3921     	6274     	9486     	13797    	20406    	29065    	39972    	56623    	74129    	94566    	120882   	154054   	195239   	243912   	293912   	354611   	418879   	496331   	577928   	672216   	771899   	882615   	1003791  	1136388  	1275173  	1425974  	1585756  	1751437  	1927669  	2100645  	2262951  	2397223  	2465460  	2438716  	5362153  	0        	33.37    	35.00    	30.00    	38.00    	25.00    	40.00    
19       	79       	113      	343      	681      	1263     	2308     	3708     	6100     	9135     	13375    	19643    	28256    	38712    	54514    	72562    	93325    	119878   	151799   	193484   	242745   	293239   	351873   	418230   	492945   	576192   	671232   	771850   	885298   	1007844  	1140857  	1280207  	1432809  	1592964  	1761438  	1935545  	2112495  	2273024  	2398879  	2466289  	2429399  	5324512  	0        	33.38    	35.00    	30.00    	38.00    	25.00    	40.00    
20       	201639   	623      	1230     	1705     	2276     	3655     	5336     	7563     	11110    	15546    	22832    	32137    	43405    	62348    	81238    	103146   	129440   	162870   	206131   	255196   	306220   	363998   	431303   	504775   	586726   	679614   	778751   	887647   	1007096  	1136932  	1275767  	1423325  	1578102  	1744895  	1916062  	2080157  	2236296  	2350273  	2406334  	2360341  	5265104  	0        	33.05    	35.00    	30.00    	38.00    	24.00    	40.00    
21       	89       	149      	445      	809      	1515     	2782     	4473     	6908     	10405    	15130    	22012    	31405    	42946    	60025    	78750    	100343   	127699   	160766   	202888   	252798   	304386   	363825   	429584   	506077   	590833   	684899   	787059   	898600   	1021796  	1151780  	1291507  	1442074  	1598984  	1766922  	1938938  	2106081  	2258279  	2377769  	2428246  	2378435  	5220733  	0        	33.26    	35.00    	30.00    	38.00    	24.00    	40.00    
22       	17795    	378      	970      	1564     	2417     	3824     	5527     	8177     	12009    	17374    	25143    	34830    	47513    	68081    	88488    	110918   	139413   	173458   	217921   	270144   	322279   	382358   	448265   	524152   	606966   	699413   	800628   	909840   	1029783  	1156075  	1294178  	1440521  	1592203  	1753739  	1917774  	2077906  	2225902  	2333919  	2379229  	2327723  	5200347  	0        	33.11    	35.00    	30.00    	38.00    	24.00    	40.00    
23       	2390     	606      	1292     	1992     	2960     	4563     	6578     	9777     	13989    	19568    	27897    	38353    	51342    	70978    	91032    	115302   	143805   	179617   	224342   	276708   	328585   	388535   	456889   	532586   	618334   	711960   	812601   	922449   	1041345  	1168949  	1304362  	1447603  	1596622  	1754063  	1909212  	2063141  	2203107  	2303807  	2343881  	2293070  	5184952  	0        	33.05    	35.00    	29.00    	38.00    	24.00    	40.00    
24       	161      	221      	567      	1226     	2174     	3895     	6266     	9378     	13756    	19861    	28486    	39426    	52746    	73460    	93497    	117312   	146550   	182137   	226899   	279632   	332247   	393564   	461185   	537932   	621547   	714918   	817206   	926140   	1045308  	1172965  	1310350  	1453626  	1605778  	1761904  	1921367  	2076182  	2211745  	2308014  	2342815  	2280824  	5075877  	0        	33.01    	34.00    	29.00    	38.00    	24.00    	40.00    
25       	109      	206      	688      	1320     	2404     	4409     	7060     	10550    	15481    	21911    	30585    	42124    	56303    	76965    	98273    	123142   	152480   	188946   	233806   	286763   	339859   	401538   	469502   	544772   	629255   	722283   	821996   	930649   	1049700  	1173366  	1307334  	1450337  	1595341  	1748172  	1902708  	2051413  	2182349  	2281025  	2319369  	2264167  	5130484  	0        	32.96    	34.00    	29.00    	38.00    	24.00    	40.00    
26       	286      	470      	1269     	2615     	4693     	8359     	12540    	17364    	24061    	32324    	42929    	55134    	70140    	93259    	114561   	138013   	165339   	198447   	238406   	284857   	338932   	399333   	467555   	544830   	629162   	722173   	822534   	933130   	1052311  	1177239  	1312336  	1453273  	1602208  	1755643  	1909720  	2055089  	2184517  	2276693  	2300302  	2230052  	4997046  	0        	32.82    	34.00    	29.00    	38.00    	24.00    	40.00    
27       	449      	558      	1579     	3053     	5233     	9112     	13869    	19381    	26605    	35577    	46160    	59663    	75563    	100278   	122319   	145435   	174335   	207663   	248199   	295393   	349421   	408639   	477670   	553575   	637523   	728497   	830304   	934340   	1055551  	1177330  	1308812  	1449809  	1596081  	1740477  	1891768  	2031460  	2155229  	2243575  	2272546  	2203846  	5032267  	0        	32.74    	34.00    	29.00    	38.00    	23.00    	40.00    
28       	282      	598      	1729     	3380     	5900     	10150    	14981    	21010    	28551    	37804    	49479    	63142    	80068    	105674   	128445   	151519   	179552   	214549   	255024   	301625   	355054   	417660   	486945   	562762   	645793   	737681   	838037   	947305   	1063217  	1186280  	1318081  	1456589  	1602729  	1750295  	1895726  	2033768  	2155457  	2228376  	2245949  	2167129  	4920849  	0        	32.64    	34.00    	29.00    	38.00    	23.00    	40.00    
29       	328      	673      	1817     	3685     	6531     	10924    	16352    	22627    	31005    	40835    	52237    	66713    	84018    	110298   	133491   	156807   	185878   	221347   	262015   	308874   	364210   	424916   	493246   	570050   	652233   	744041   	842640   	949961   	1063676  	1185691  	1315550  	1452659  	1591024  	1735238  	1877853  	2013579  	2126204  	2204073  	2219922  	2148801  	4977122  	0        	32.59    	34.00    	29.00    	38.00    	23.00    	40.00    
30       	46291    	947      	2505     	4829     	7900     	12697    	18548    	25257    	33643    	43352    	55782    	70223    	87918    	115541   	139515   	163507   	192545   	227211   	268198   	316335   	371942   	430714   	499239   	577168   	659544   	751834   	850373   	956769   	1070935  	1194161  	1323455  	1458671  	1595254  	1738285  	1878677  	2009412  	2116097  	2186261  	2191989  	2109372  	4866248  	0        	32.44    	34.00    	29.00    	38.00    	23.00    	40.00    
31       	325      	748      	2081     	4114     	7356     	12521    	18793    	26150    	34553    	44984    	57835    	73459    	91553    	121042   	143962   	168411   	197422   	234640   	275898   	325080   	379202   	440400   	510197   	585756   	668353   	760984   	862145   	968198   	1083129  	1206660  	1335463  	1467572  	1604434  	1745403  	1883450  	2006401  	2107752  	2166501  	2160825  	2073547  	4811845  	0        	32.41    	34.00    	29.00    	38.00    	23.00    	40.00    
32       	10057    	1949     	4324     	7038     	10323    	15575    	21967    	29476    	38338    	49517    	63079    	78606    	97850    	127682   	152818   	177134   	207971   	243387   	286134   	334313   	388409   	450715   	519331   	595709   	679538   	769325   	868624   	974726   	1085569  	1204953  	1330960  	1462369  	1597674  	1731813  	1865836  	1985012  	2079603  	2139168  	2129345  	2040577  	4812350  	0        	32.29    	34.00    	28.00    	38.00    	22.00    	40.00    
33       	421      	936      	2501     	5065     	8795     	14728    	22044    	30061    	40145    	51731    	66037    	82994    	102393   	134017   	158120   	183660   	214560   	250331   	292844   	341095   	394612   	457262   	525737   	600606   	685239   	775021   	872828   	977912   	1089894  	1208735  	1334814  	1461391  	1598718  	1732075  	1861169  	1976252  	2072668  	2126030  	2116727  	2027870  	4771106  	0        	32.24    	34.00    	28.00    	38.00    	22.00    	40.00    
34       	413      	1027     	2915     	5543     	9780     	16099    	23864    	32975    	43622    	56173    	71062    	88614    	108623   	140638   	167012   	191765   	223172   	259001   	302982   	352891   	407642   	471125   	539606   	616625   	697998   	790430   	888448   	992201   	1104924  	1219771  	1344527  	1471746  	1603833  	1729984  	1856834  	1964465  	2049194  	2092914  	2074476  	1978142  	4676088  	0        	32.10    	34.00    	28.00    	38.00    	22.00    	40.00    
35       	487      	1047     	2780     	5663     	9717     	16298    	23811    	33109    	43608    	56322    	70865    	88363    	108744   	139810   	166192   	190650   	222556   	258777   	301917   	351669   	407225   	468096   	538180   	615673   	698246   	789451   	888606   	992918   	1103892  	1223856  	1345217  	1474008  	1602136  	1730610  	1856605  	1967670  	2051010  	2095217  	2076515  	1980028  	4671600  	0        	32.11    	34.00    	28.00    	38.00    	22.00    	40.00    
36       	502      	1199     	3160     	6321     	10764    	18451    	27183    	37317    	48947    	62275    	78595    	97278    	118412   	151522   	178373   	205731   	237510   	275314   	318443   	368511   	424246   	487299   	556585   	631763   	717269   	804890   	902132   	1004544  	1113489  	1229317  	1347488  	1470651  	1595471  	1717425  	1831626  	1934662  	2013809  	2049062  	2026526  	1932859  	4632223  	0        	31.94    	34.00    	28.00    	38.00    	22.00    	40.00    
37       	57056    	2049     	4598     	8227     	13011    	20331    	29127    	38421    	50442    	64596    	80411    	99067    	120609   	156235   	182790   	209908   	241740   	279635   	322162   	371796   	429384   	491945   	560368   	638197   	717771   	809320   	907775   	1011581  	1119858  	1234008  	1354510  	1478672  	1602124  	1724479  	1840125  	1934520  	2006257  	2031549  	1995996  	1889439  	4539055  	0        	31.80    	33.00    	28.00    	38.00    	21.00    	40.00    
38       	632      	1536     	3847     	7334     	12896    	21532    	31079    	42036    	55092    	69509    	87494    	107298   	130259   	166162   	194283   	220968   	253666   	292513   	337224   	386101   	443657   	508005   	576366   	650775   	734372   	822121   	919119   	1020050  	1129543  	1241866  	1358066  	1477966  	1599976  	1710406  	1819986  	1915199  	1976937  	2002639  	1963066  	1857617  	4519951  	0        	31.73    	33.00    	28.00    	38.00    	21.00    	40.00    
39       	650      	1621     	4175     	7946     	13472    	22906    	33102    	44900    	59277    	74401    	92252    	113314   	136772   	173763   	202807   	229998   	262478   	302201   	345995   	397986   	455519   	516451   	587854   	662341   	745153   	833586   	928354   	1028865  	1135272  	1246834  	1362961  	1478865  	1594221  	1706031  	1814501  	1895632  	1956980  	1973174  	1933420  	1822494  	4470620  	0        	31.62    	33.00    	27.00    	38.00    	21.00    	40.00    
40       	1144     	1570     	4245     	8330     	14172    	23506    	34929    	47559    	61345    	77398    	96667    	117575   	141140   	180321   	210067   	237280   	270386   	310861   	354982   	407016   	462569   	527153   	596589   	671773   	753716   	840892   	936068   	1038322  	1142850  	1251274  	1364981  	1477476  	1589508  	1695983  	1791290  	1876679  	1930274  	1943677  	1903898  	1796446  	4477233  	0        	31.53    	33.00    	27.00    	38.00    	21.00    	40.00    
41       	878      	1603     	4361     	8539     	14730    	24841    	36341    	48851    	62935    	79730    	98388    	120539   	144455   	183515   	214203   	241099   	274537   	312946   	358963   	411077   	468102   	530982   	600510   	676725   	758623   	850235   	944310   	1044199  	1148212  	1258510  	1372138  	1482435  	1594814  	1701611  	1797421  	1874791  	1921863  	1930122  	1887026  	1773178  	4410806  	0        	31.47    	33.00    	27.00    	37.00    	21.00    	40.00    
42       	68552    	2239     	5625     	10364    	17086    	28572    	41493    	54857    	70568    	87915    	107608   	130187   	154319   	195876   	228393   	256686   	289978   	328315   	374097   	424800   	482244   	543812   	611587   	688716   	768697   	856239   	947464   	1044441  	1145062  	1251300  	1358659  	1468671  	1575819  	1677655  	1770914  	1842468  	1890916  	1894114  	1847241  	1735475  	4390120  	0        	31.25    	33.00    	27.00    	37.00    	20.00    	40.00    
43       	140460   	2929     	6875     	12000    	19425    	31155    	43528    	57536    	72728    	90492    	110606   	132803   	157706   	200710   	233388   	260277   	294954   	334689   	377930   	430480   	486585   	549622   	619393   	694426   	775090   	862005   	952590   	1050145  	1149872  	1253808  	1360626  	1469487  	1573333  	1669658  	1757418  	1825632  	1862017  	1865136  	1811988  	1694200  	4375442  	0        	31.10    	33.00    	27.00    	37.00    	20.00    	40.00    
44       	873      	2177     	5445     	10474    	17906    	30050    	43495    	59024    	75478    	94454    	115771   	139691   	166035   	210719   	242689   	272513   	305468   	345733   	392166   	442836   	501387   	563557   	633353   	709871   	790629   	875850   	966812   	1063822  	1164687  	1264933  	1368062  	1471643  	1572371  	1666773  	1749675  	1810183  	1846961  	1842995  	1792478  	1679451  	4360654  	0        	31.14    	33.00    	27.00    	37.00    	20.00    	40.00    
45       	932      	2277     	6127     	11774    	19311    	32604    	47720    	63174    	80732    	101325   	123647   	147600   	174994   	218958   	253334   	282463   	316367   	358111   	404939   	454861   	512405   	577337   	647954   	721137   	802871   	886998   	977239   	1072542  	1170162  	1268899  	1371504  	1472285  	1565556  	1659043  	1733457  	1791169  	1821967  	1812954  	1754375  	1643887  	4304153  	0        	31.00    	33.00    	26.00    	37.00    	20.00    	40.00    
46       	870      	2138     	5973     	11576    	20055    	33682    	48200    	64763    	82974    	104072   	126863   	151700   	178318   	226483   	257756   	288136   	323075   	363042   	408147   	462165   	518212   	583112   	653526   	727050   	806085   	892185   	982237   	1076150  	1174341  	1274003  	1376037  	1471310  	1571462  	1658181  	1735579  	1790110  	1815889  	1801985  	1737708  	1621309  	4242685  	0        	30.93    	33.00    	26.00    	37.00    	20.00    	40.00    
47       	4946     	2415     	6607     	12632    	21220    	35577    	52249    	69086    	88225    	109779   	133370   	158693   	186633   	236007   	268712   	298191   	332559   	372180   	418973   	471239   	529969   	592847   	661201   	735858   	816086   	900049   	988454   	1082036  	1178717  	1275525  	1373170  	1470260  	1564775  	1647978  	1721816  	1773896  	1795317  	1773964  	1708553  	1592101  	4207279  	0        	30.81    	32.00    	26.00    	37.00    	19.00    	40.00    
48       	50374    	2642     	7009     	13237    	22303    	37135    	53743    	71636    	91673    	112721   	137973   	164367   	192362   	243848   	277925   	307990   	342439   	383260   	430506   	481146   	539737   	602835   	670931   	746700   	822581   	907706   	996259   	1085486  	1179851  	1276301  	1368477  	1461678  	1548520  	1632737  	1698613  	1745608  	1766080  	1745060  	1681065  	1564940  	4203690  	0        	30.67    	32.00    	26.00    	37.00    	19.00    	40.00    
49       	3095     	2394     	6573     	12669    	22151    	37392    	54319    	72354    	92329    	115238   	139648   	165650   	195095   	246201   	279842   	310505   	345005   	385784   	431888   	483912   	541527   	605248   	674709   	748115   	827462   	910031   	996956   	1090953  	1183227  	1278081  	1373778  	1468339  	1554335  	1635389  	1703511  	1749584  	1767046  	1745065  	1675596  	1557255  	4180893  	0        	30.69    	32.00    	26.00    	37.00    	19.00    	40.00    
50       	1050     	2505     	6982     	13577    	23480    	39990    	57339    	77052    	98687    	122121   	147856   	175510   	207245   	260796   	297286   	327210   	361908   	403358   	452230   	504498   	562859   	628421   	696962   	773211   	852495   	936949   	1026521  	1117612  	1208051  	1302314  	1394333  	1481219  	1563422  	1630235  	1683545  	1712563  	1716269  	1685126  	1612933  	1499253  	4004171  	0        	30.44    	32.00    	26.00    	37.00    	19.00    	40.00    
Clean Quality Value Distribute
Pos      	Q0       	Q1       	Q2       	Q3       	Q4       	Q5       	Q6       	Q7       	Q8       	Q9       	Q10      	Q11      	Q12      	Q13      	Q14      	Q15      	Q16      	Q17      	Q18      	Q19      	Q20      	Q21      	Q22      	Q23      	Q24      	Q25      	Q26      	Q27      	Q28      	Q29      	Q30      	Q31      	Q32      	Q33      	Q34      	Q35      	Q36      	Q37      	Q38      	Q39      	Q40      	Q41      	Mean	Median	Lower quartile	Upper quartile	10thpercentile	90thpercentile
1        	2119     	426      	1256     	2702     	4569     	7490     	11808    	17132    	19773    	24934    	32254    	41428    	52881    	71312    	85612    	99368    	116672   	138022   	165814   	199650   	230746   	265784   	307568   	355970   	411389   	475821   	552776   	643023   	750213   	876460   	1030339  	1217737  	1440371  	1704904  	2013849  	2356399  	2715691  	3029859  	3199902  	3091349  	4888444  	0        	34.03    	36.00    	31.00    	38.00    	26.00    	40.00    
2        	393      	226      	780      	1594     	2535     	4171     	6063     	8792     	12756    	17678    	24928    	34221    	45245    	62001    	77833    	94788    	115611   	141246   	173114   	211185   	249120   	291211   	341548   	396896   	460788   	535528   	619905   	716889   	825184   	953471   	1097551  	1265905  	1458520  	1679182  	1928623  	2208534  	2504232  	2780407  	2961083  	2954081  	5389998  	0        	33.94    	36.00    	31.00    	39.00    	25.00    	40.00    
3        	50531    	1550     	2543     	2655     	2974     	4222     	6067     	8671     	11859    	15803    	22061    	30506    	39931    	55718    	70757    	87655    	107115   	133080   	165170   	204869   	243191   	288742   	339704   	399983   	467203   	545796   	634606   	737254   	852216   	982129   	1133205  	1303269  	1503099  	1724508  	1974485  	2240533  	2515500  	2754805  	2889618  	2848182  	5252051  	0        	33.84    	35.00    	31.00    	38.00    	25.00    	40.00    
4        	205      	137      	448      	866      	1286     	2476     	3992     	6114     	9028     	13294    	19291    	27356    	37702    	52797    	67677    	84801    	106661   	132154   	165852   	206400   	247469   	294165   	348909   	410019   	481814   	564052   	656676   	759554   	876347   	1009668  	1159247  	1331539  	1524192  	1740510  	1985011  	2247841  	2502814  	2728021  	2849091  	2797198  	5201142  	0        	33.84    	35.00    	31.00    	38.00    	25.00    	40.00    
5        	263      	119      	273      	601      	1136     	1957     	3312     	5056     	7769     	11634    	17127    	24634    	33994    	47660    	62783    	80280    	101848   	127647   	162313   	204220   	246431   	295469   	352872   	416158   	490584   	573354   	669040   	776450   	895488   	1030445  	1182724  	1350070  	1538917  	1747792  	1976609  	2212188  	2450795  	2652192  	2776814  	2756083  	5368715  	0        	33.85    	35.00    	31.00    	38.00    	25.00    	40.00    
6        	161      	84       	205      	512      	869      	1618     	2802     	4251     	6702     	10122    	15152    	22050    	30943    	44573    	58475    	75243    	96482    	123169   	156964   	198395   	241189   	289944   	346592   	411158   	485551   	571410   	664680   	772286   	892785   	1026697  	1178706  	1347505  	1539871  	1751982  	1985666  	2234355  	2477832  	2690330  	2813619  	2779338  	5303548  	0        	33.89    	35.00    	31.00    	38.00    	26.00    	40.00    
7        	6596     	492      	983      	1434     	1909     	2746     	4092     	5788     	7958     	10646    	15210    	21411    	29700    	42834    	55907    	72064    	91991    	117321   	150120   	190707   	232516   	279986   	335195   	400611   	473117   	558999   	651474   	759618   	877859   	1010314  	1161412  	1327975  	1517247  	1725497  	1953245  	2196217  	2447446  	2675410  	2830432  	2839401  	5569936  	0        	33.99    	36.00    	31.00    	39.00    	26.00    	40.00    
8        	72       	79       	228      	471      	885      	1622     	2630     	4302     	6493     	9858     	14773    	21337    	30307    	43034    	56859    	74191    	95381    	122324   	156853   	199816   	243847   	293944   	352355   	421205   	496824   	583053   	681623   	789164   	909491   	1043676  	1192328  	1357003  	1535712  	1735751  	1950486  	2176028  	2402578  	2598627  	2727322  	2731320  	5589964  	0        	33.89    	35.00    	31.00    	39.00    	26.00    	40.00    
9        	18387    	3967     	5761     	5820     	5169     	5096     	5580     	6576     	8527     	11982    	16899    	23868    	33014    	48471    	63921    	81519    	103520   	131127   	167327   	210935   	255720   	307161   	367926   	436053   	514498   	600985   	698844   	809003   	929298   	1062272  	1209628  	1368568  	1548418  	1740343  	1942999  	2158561  	2367437  	2552592  	2669867  	2662696  	5493481  	0        	33.71    	35.00    	31.00    	38.00    	25.00    	40.00    
10       	3977     	66       	217      	517      	1286     	3513     	5060     	6532     	8332     	11499    	16115    	23140    	32211    	46889    	61926    	79397    	101414   	130049   	167085   	212073   	255724   	308594   	367909   	435967   	513912   	599731   	695132   	802309   	922968   	1053676  	1198761  	1359455  	1534887  	1725816  	1927550  	2144471  	2354669  	2541517  	2660636  	2666649  	5672185  	0        	33.79    	35.00    	31.00    	39.00    	25.00    	40.00    
11       	2599     	102      	304      	610      	1095     	2028     	3280     	5169     	7949     	11706    	17618    	25165    	35195    	49854    	65522    	83617    	108186   	137956   	176573   	222154   	269152   	323993   	387071   	457299   	538605   	627830   	726739   	836320   	954335   	1086943  	1233901  	1389099  	1561721  	1745577  	1937600  	2139712  	2334273  	2501263  	2589460  	2572525  	5483716  	0        	33.63    	35.00    	30.00    	38.00    	25.00    	40.00    
12       	95       	82       	233      	568      	965      	1737     	2884     	4527     	6924     	10377    	15494    	22495    	31921    	45507    	60665    	78737    	102263   	130909   	168187   	213434   	260864   	315933   	378490   	450742   	531181   	621571   	721593   	832584   	955510   	1088945  	1232885  	1395027  	1564074  	1751247  	1948679  	2150985  	2347112  	2512773  	2617074  	2599647  	5478896  	0        	33.69    	35.00    	30.00    	38.00    	25.00    	40.00    
13       	224687   	611      	1378     	2108     	2800     	3948     	4987     	6662     	9455     	13144    	18888    	26297    	36113    	52812    	69426    	88975    	112066   	142303   	181068   	227516   	275205   	328633   	390851   	462886   	541668   	629192   	726151   	834400   	953358   	1079580  	1219280  	1370784  	1536603  	1713435  	1897508  	2090866  	2275664  	2437773  	2539626  	2530834  	5594275  	0        	33.36    	35.00    	30.00    	38.00    	25.00    	40.00    
14       	168      	89       	264      	536      	1051     	2090     	3348     	5214     	7999     	11829    	17491    	25285    	35481    	50798    	67161    	86214    	111211   	141339   	180571   	228062   	276770   	332668   	396579   	470138   	551201   	641592   	742522   	854509   	973214   	1107714  	1251569  	1406447  	1573700  	1754208  	1943652  	2131215  	2318754  	2469704  	2558544  	2531430  	5391485  	0        	33.55    	35.00    	30.00    	38.00    	25.00    	40.00    
15       	67       	89       	200      	530      	1008     	1855     	3012     	4897     	7459     	11085    	16573    	23985    	34236    	47970    	63953    	83744    	108329   	138631   	176518   	225535   	274100   	329207   	395768   	469660   	552277   	642724   	746524   	858277   	979609   	1113311  	1258133  	1410636  	1578124  	1757781  	1943439  	2129505  	2308936  	2454902  	2546632  	2522799  	5431796  	0        	33.56    	35.00    	30.00    	38.00    	25.00    	40.00    
16       	62       	99       	270      	649      	1058     	1982     	3330     	5146     	7773     	11622    	17424    	25102    	35443    	49911    	65719    	85998    	110383   	141292   	181035   	228415   	278284   	335260   	399876   	474592   	557858   	650470   	752159   	862443   	986431   	1118598  	1264813  	1420464  	1588766  	1763713  	1952145  	2138395  	2315992  	2461890  	2539096  	2504740  	5315118  	0        	33.51    	35.00    	30.00    	38.00    	25.00    	40.00    
17       	127      	124      	324      	656      	1203     	2208     	3676     	5692     	8604     	12690    	18839    	26746    	37423    	52811    	70029    	90177    	115576   	147475   	187161   	236376   	286439   	343807   	410359   	484790   	569015   	659321   	762216   	874435   	996232   	1129012  	1268789  	1424469  	1590686  	1763406  	1945897  	2126919  	2297480  	2435668  	2505089  	2465086  	5296784  	0        	33.43    	35.00    	30.00    	38.00    	25.00    	40.00    
18       	99       	120      	351      	744      	1283     	2487     	3920     	6270     	9482     	13790    	20402    	29051    	39957    	56606    	74099    	94512    	120814   	153973   	195139   	243782   	293793   	354438   	418675   	496102   	577649   	671881   	771544   	882186   	1003302  	1135849  	1274510  	1425274  	1584971  	1750539  	1926696  	2099600  	2261877  	2396149  	2464348  	2437712  	5359840  	0        	33.37    	35.00    	30.00    	38.00    	25.00    	40.00    
19       	71       	113      	343      	681      	1262     	2308     	3707     	6100     	9134     	13372    	19640    	28243    	38699    	54485    	72526    	93300    	119812   	151741   	193374   	242630   	293093   	351702   	418003   	492680   	575866   	670817   	771413   	884763   	1007181  	1140134  	1279419  	1431893  	1591974  	1760355  	1934422  	2111386  	2271890  	2397872  	2465365  	2428641  	5323406  	0        	33.38    	35.00    	30.00    	38.00    	25.00    	40.00    
20       	201545   	623      	1230     	1705     	2276     	3654     	5336     	7563     	11109    	15543    	22829    	32135    	43401    	62335    	81214    	103126   	129416   	162819   	206075   	255130   	306129   	363897   	431162   	504581   	586499   	679349   	778435   	887245   	1006627  	1136355  	1275114  	1422541  	1577160  	1743818  	1914871  	2078902  	2234989  	2348933  	2405151  	2359368  	5263626  	0        	33.05    	35.00    	30.00    	38.00    	24.00    	40.00    
21       	84       	149      	444      	809      	1514     	2781     	4473     	6907     	10399    	15127    	22006    	31399    	42936    	60017    	78727    	100319   	127665   	160723   	202831   	252719   	304301   	363721   	429456   	505892   	590612   	684669   	786748   	898237   	1021382  	1151240  	1290851  	1441261  	1598067  	1765894  	1937737  	2104840  	2256918  	2376435  	2426953  	2377349  	5219224  	0        	33.26    	35.00    	30.00    	38.00    	24.00    	40.00    
22       	17783    	378      	970      	1564     	2416     	3821     	5527     	8176     	12005    	17371    	25141    	34819    	47495    	68058    	88469    	110879   	139350   	173379   	217808   	269997   	322109   	382167   	447991   	523849   	606529   	698935   	799995   	909129   	1028999  	1155101  	1293114  	1439420  	1591097  	1752605  	1916741  	2076935  	2225053  	2333188  	2378647  	2327249  	5199557  	0        	33.11    	35.00    	30.00    	38.00    	24.00    	40.00    
23       	2384     	606      	1290     	1991     	2959     	4556     	6572     	9776     	13977    	19554    	27875    	38329    	51301    	70930    	90975    	115243   	143726   	179502   	224202   	276556   	328350   	388304   	456629   	532271   	617965   	711509   	812131   	921891   	1040723  	1168299  	1303577  	1446704  	1595801  	1753156  	1908253  	2062134  	2202087  	2302847  	2343056  	2292328  	5183497  	0        	33.05    	35.00    	29.00    	38.00    	24.00    	40.00    
24       	153      	221      	567      	1223     	2169     	3893     	6262     	9372     	13750    	19851    	28468    	39396    	52718    	73416    	93438    	117248   	146470   	182037   	226777   	279491   	332064   	393338   	460944   	537687   	621243   	714545   	816802   	925676   	1044760  	1172414  	1309662  	1452877  	1604966  	1760992  	1920464  	2075124  	2210684  	2306943  	2341847  	2279938  	5073926  	0        	33.01    	34.00    	29.00    	38.00    	24.00    	40.00    
25       	101      	206      	688      	1320     	2402     	4406     	7053     	10538    	15463    	21895    	30557    	42080    	56248    	76888    	98183    	123042   	152362   	188811   	233638   	286521   	339641   	401284   	469178   	544394   	628836   	721802   	821488   	930050   	1049034  	1172677  	1306559  	1449584  	1594466  	1747321  	1901798  	2050504  	2181452  	2280190  	2318644  	2263502  	5129010  	0        	32.96    	34.00    	29.00    	38.00    	24.00    	40.00    
26       	249      	470      	1269     	2615     	4693     	8357     	12537    	17358    	24056    	32321    	42916    	55118    	70114    	93247    	114533   	137969   	165298   	198359   	238316   	284723   	338793   	399168   	467350   	544597   	628864   	721820   	822109   	932683   	1051780  	1176587  	1311644  	1452456  	1601277  	1754714  	1908661  	2053976  	2183430  	2275579  	2299201  	2229142  	4995467  	0        	32.82    	34.00    	29.00    	38.00    	24.00    	40.00    
27       	420      	558      	1578     	3053     	5232     	9112     	13866    	19373    	26598    	35571    	46139    	59649    	75547    	100253   	122290   	145388   	174278   	207595   	248110   	295255   	349280   	408486   	477476   	553305   	637259   	728169   	829908   	933872   	1054997  	1176691  	1308107  	1448988  	1595128  	1739403  	1890734  	2030359  	2154138  	2242508  	2271564  	2202949  	5030630  	0        	32.74    	34.00    	29.00    	38.00    	23.00    	40.00    
28       	251      	598      	1727     	3378     	5895     	10145    	14959    	20986    	28515    	37763    	49433    	63064    	79966    	105540   	128312   	151342   	179362   	214305   	254738   	301326   	354721   	417326   	486537   	562324   	645261   	737132   	837397   	946658   	1062532  	1185519  	1317293  	1455799  	1601917  	1749462  	1894932  	2033045  	2154782  	2227777  	2245388  	2166652  	4919757  	0        	32.65    	34.00    	29.00    	38.00    	23.00    	40.00    
29       	290      	673      	1817     	3685     	6529     	10919    	16350    	22621    	30997    	40820    	52218    	66697    	84001    	110259   	133453   	156741   	185815   	221265   	261941   	308754   	364067   	424745   	493049   	569812   	651934   	743708   	842221   	949448   	1063136  	1185049  	1314791  	1451741  	1590090  	1734259  	1876733  	2012398  	2125144  	2203012  	2218968  	2147991  	4975675  	0        	32.59    	34.00    	29.00    	38.00    	23.00    	40.00    
30       	46255    	947      	2505     	4827     	7899     	12692    	18543    	25249    	33630    	43334    	55774    	70208    	87893    	115496   	139463   	163434   	192471   	227123   	268057   	316188   	371773   	430527   	498977   	576859   	659194   	751423   	849883   	956203   	1070275  	1193470  	1322686  	1457829  	1594350  	1737325  	1877670  	2008361  	2115086  	2185272  	2191117  	2108617  	4864931  	0        	32.44    	34.00    	29.00    	38.00    	23.00    	40.00    
31       	291      	747      	2080     	4114     	7355     	12515    	18789    	26145    	34548    	44977    	57819    	73445    	91536    	121018   	143926   	168364   	197343   	234568   	275798   	324971   	379075   	440232   	509992   	585516   	668038   	760660   	861744   	967723   	1082631  	1206070  	1334785  	1466773  	1603618  	1744470  	1882379  	2005273  	2106660  	2165441  	2159776  	2072618  	4809993  	0        	32.41    	34.00    	29.00    	38.00    	23.00    	40.00    
32       	10004    	1949     	4323     	7036     	10321    	15567    	21964    	29470    	38332    	49506    	63064    	78584    	97798    	127626   	152751   	177049   	207879   	243271   	285992   	334176   	388212   	450521   	519084   	595399   	679170   	768930   	868141   	974158   	1084871  	1204180  	1330155  	1461419  	1596739  	1730800  	1864800  	1984011  	2078610  	2138278  	2128581  	2039979  	4811116  	0        	32.29    	34.00    	28.00    	38.00    	22.00    	40.00    
33       	372      	933      	2499     	5060     	8786     	14715    	22019    	30025    	40106    	51687    	65978    	82916    	102301   	133879   	157980   	183466   	214385   	250105   	292585   	340813   	394309   	456900   	525342   	600147   	684775   	774471   	872269   	977286   	1089196  	1208056  	1334095  	1460642  	1597925  	1731280  	1860427  	1975498  	2071973  	2125384  	2116167  	2027373  	4769691  	0        	32.24    	34.00    	28.00    	38.00    	22.00    	40.00    
34       	363      	1027     	2914     	5539     	9778     	16092    	23857    	32966    	43605    	56152    	71032    	88578    	108579   	140580   	166936   	191670   	223077   	258883   	302840   	352729   	407416   	470875   	539290   	616287   	697589   	789971   	887903   	991598   	1104266  	1219016  	1343700  	1470862  	1602854  	1728980  	1855835  	1963513  	2048309  	2092058  	2073746  	1977530  	4675021  	0        	32.11    	34.00    	28.00    	38.00    	22.00    	40.00    
35       	428      	1047     	2780     	5662     	9716     	16294    	23807    	33105    	43603    	56310    	70850    	88347    	108722   	139776   	166162   	190602   	222504   	258709   	301837   	351565   	407093   	467953   	537985   	615463   	698007   	789135   	888239   	992499   	1103378  	1223204  	1344533  	1473200  	1601318  	1729665  	1855533  	1966589  	2049829  	2094000  	2075433  	1978983  	4669951  	0        	32.11    	34.00    	28.00    	38.00    	22.00    	40.00    
36       	433      	1199     	3159     	6321     	10763    	18448    	27181    	37314    	48941    	62262    	78581    	97258    	118381   	151480   	178337   	205684   	237460   	275254   	318361   	368406   	424109   	487171   	556427   	631557   	717007   	804566   	901774   	1004119  	1113047  	1228787  	1346885  	1469959  	1594654  	1716530  	1830641  	1933607  	2012675  	2047922  	2025472  	1931801  	4629883  	0        	31.94    	34.00    	28.00    	38.00    	22.00    	40.00    
37       	56966    	2049     	4598     	8225     	13006    	20325    	29114    	38409    	50428    	64581    	80387    	99041    	120560   	156169   	182692   	209818   	241645   	279493   	322001   	371592   	429176   	491686   	560064   	637849   	717347   	808821   	907207   	1010981  	1119153  	1233210  	1353609  	1477740  	1601135  	1723482  	1839146  	1933563  	2005388  	2030746  	1995354  	1888942  	4538118  	0        	31.81    	33.00    	28.00    	38.00    	21.00    	40.00    
38       	567      	1532     	3844     	7331     	12886    	21508    	31049    	41988    	55028    	69431    	87373    	107163   	130087   	165966   	194034   	220700   	253379   	292203   	336886   	385713   	443173   	507516   	575880   	650224   	733784   	821496   	918543   	1019404  	1128893  	1241169  	1357365  	1477259  	1599290  	1709767  	1819388  	1914650  	1976396  	2002162  	1962611  	1857218  	4518960  	0        	31.73    	33.00    	28.00    	38.00    	21.00    	40.00    
39       	584      	1620     	4174     	7946     	13468    	22905    	33096    	44885    	59264    	74387    	92225    	113284   	136726   	173713   	202742   	229914   	262394   	302089   	345854   	397810   	455315   	516237   	587580   	662062   	744812   	833167   	927850   	1028302  	1134663  	1246104  	1362241  	1478015  	1593320  	1705017  	1813450  	1894637  	1955923  	1972174  	1932604  	1821782  	4469481  	0        	31.62    	33.00    	27.00    	38.00    	21.00    	40.00    
40       	1058     	1569     	4245     	8327     	14170    	23501    	34926    	47547    	61326    	77363    	96637    	117520   	141073   	180241   	209960   	237149   	270222   	310674   	354738   	406752   	462229   	526712   	596120   	671233   	753155   	840203   	935308   	1037518  	1142042  	1250412  	1364100  	1476569  	1588719  	1695225  	1790542  	1875996  	1929643  	1943125  	1903395  	1796075  	4476497  	0        	31.54    	33.00    	27.00    	38.00    	21.00    	40.00    
41       	809      	1601     	4361     	8538     	14725    	24831    	36335    	48837    	62920    	79720    	98357    	120500   	144408   	183429   	214126   	240995   	274429   	312823   	358836   	410921   	467898   	530756   	600269   	676458   	758292   	849843   	943893   	1043712  	1147637  	1257860  	1371449  	1481681  	1594013  	1700778  	1796572  	1873855  	1920883  	1929172  	1886189  	1772292  	4408813  	0        	31.47    	33.00    	27.00    	37.00    	21.00    	40.00    
42       	68457    	2239     	5625     	10364    	17080    	28564    	41487    	54841    	70550    	87895    	107589   	130156   	154274   	195833   	228324   	256627   	289894   	328210   	374004   	424660   	482060   	543611   	611333   	688399   	768371   	855878   	947048   	1043943  	1144495  	1250588  	1357909  	1467807  	1574913  	1676671  	1769874  	1841404  	1889891  	1893141  	1846370  	1734754  	4388683  	0        	31.25    	33.00    	27.00    	37.00    	20.00    	40.00    
43       	140358   	2929     	6875     	11997    	19419    	31151    	43517    	57521    	72712    	90471    	110575   	132759   	157657   	200632   	233291   	260182   	294853   	334550   	377764   	430295   	486348   	549315   	619105   	694068   	774666   	861504   	952007   	1049541  	1149222  	1253064  	1359896  	1468696  	1572479  	1668754  	1756486  	1824743  	1861155  	1864319  	1811313  	1693597  	4374030  	0        	31.10    	33.00    	27.00    	37.00    	20.00    	40.00    
44       	806      	2177     	5445     	10469    	17901    	30045    	43489    	59013    	75460    	94437    	115753   	139664   	165993   	210664   	242628   	272435   	305387   	345634   	392044   	442712   	501223   	563380   	633170   	709616   	790321   	875516   	966456   	1063386  	1164194  	1264378  	1367456  	1470933  	1571567  	1665938  	1748794  	1809198  	1845918  	1842015  	1791486  	1678564  	4358151  	0        	31.14    	33.00    	27.00    	37.00    	20.00    	40.00    
45       	844      	2277     	6126     	11771    	19310    	32599    	47713    	63159    	80722    	101295   	123624   	147574   	174963   	218918   	253267   	282387   	316282   	358005   	404823   	454718   	512216   	577124   	647708   	720859   	802542   	886593   	976825   	1072004  	1169601  	1268210  	1370759  	1471521  	1564705  	1658179  	1732453  	1790208  	1821001  	1812039  	1753449  	1643092  	4302351  	0        	31.00    	33.00    	26.00    	37.00    	20.00    	40.00    
46       	808      	2137     	5972     	11572    	20052    	33673    	48190    	64745    	82955    	104044   	126817   	151660   	178267   	226412   	257663   	288031   	322962   	362906   	408002   	461956   	518027   	582874   	653255   	726730   	805708   	891774   	981749   	1075619  	1173811  	1273331  	1375322  	1470499  	1570630  	1657420  	1734712  	1789238  	1815006  	1801155  	1736894  	1620559  	4240679  	0        	30.93    	33.00    	26.00    	37.00    	20.00    	40.00    
47       	4873     	2414     	6603     	12631    	21210    	35566    	52239    	69069    	88213    	109758   	133349   	158653   	186588   	235959   	268642   	298111   	332479   	372059   	418865   	471089   	529786   	592634   	660937   	735582   	815766   	899693   	988026   	1081500  	1178168  	1274841  	1372439  	1469548  	1563933  	1647124  	1720890  	1772983  	1794349  	1772981  	1707580  	1591290  	4205396  	0        	30.81    	32.00    	26.00    	37.00    	19.00    	40.00    
48       	50286    	2642     	7008     	13236    	22301    	37131    	53738    	71625    	91662    	112710   	137958   	164341   	192335   	243803   	277876   	307930   	342364   	383181   	430422   	481051   	539629   	602713   	670754   	746505   	822365   	907445   	995959   	1085132  	1179447  	1275859  	1367936  	1461077  	1547833  	1631953  	1697764  	1744630  	1764927  	1743850  	1679792  	1563712  	4200934  	0        	30.67    	32.00    	26.00    	37.00    	19.00    	40.00    
49       	3029     	2394     	6572     	12669    	22149    	37388    	54314    	72346    	92317    	115224   	139632   	165619   	195051   	246130   	279771   	310417   	344904   	385660   	431761   	483733   	541356   	605021   	674459   	747817   	827108   	909647   	996462   	1090418  	1182593  	1277422  	1373099  	1467534  	1553483  	1634516  	1702622  	1748629  	1766138  	1744143  	1674778  	1556550  	4178941  	0        	30.69    	32.00    	26.00    	37.00    	19.00    	40.00    
50       	965      	2504     	6980     	13574    	23475    	39981    	57331    	77035    	98664    	122091   	147820   	175477   	207195   	260721   	297200   	327129   	361814   	403219   	452076   	504322   	562638   	628192   	696680   	772888   	852133   	936528   	1026041  	1117126  	1207413  	1301618  	1393578  	1480405  	1562505  	1629294  	1682564  	1711585  	1715344  	1684243  	1612148  	1498568  	4002752  	0        	30.44    	32.00    	26.00    	37.00    	19.00    	40.00    
