100
1000
100008586
100008588
100008589
10003
100033418
100033420
100033425
100033429
100033430
100033431
100033433
100033438
100036519
100049076
10008
1001
10010
100101267
100113407
100126784
100127888
100128176
100128191
100128252
100128264
100128553
100128750
100128890
100129046
100129148
100129387
100129405
100129534
100129543
100129583
100129792
100129794
10013
100130155
100130275
100130357
100130370
100130449
100130476
100130519
100130872
100130880
100130934
100130950
100130967
100130987
100131094
100131138
100131193
100131205
100131213
100131234
100131244
100131454
100131551
100131825
100131827
100131897
100132062
100132215
100132273
100132287
100132352
100132403
100132708
100132923
100132979
100133121
100133161
100133331
100133545
100133920
100133941
100134713
100134938
100137047
100137049
10014
100144602
10015
100170841
10018
100188947
10019
100190940
100192378
100192386
10021
10023
10024
100240735
10025
100271835
100271849
100271873
100271927
100272216
100272228
100286793
100286979
100287102
100287171
100287225
100287227
100287428
100287569
100287616
100287765
100288077
100288122
100288181
100288198
100288332
100288346
100288380
100288413
100288695
100289092
100289137
100289178
100289388
100289635
100292680
100294145
1003
100302165
100302652
100302736
100302741
100303491
100303755
100306951
100309464
100310812
100312957
10036
1004
100431172
10044
10045
10046
100462977
100462981
100463486
100463488
10049
100498859
100499183
100499194
100499227
100499405
100499467
100499484
1005
100500815
100500862
100505385
100505474
100505540
100505583
100505624
100505658
100505678
100505695
100505795
100505806
100505817
100505893
100505894
100505967
100505978
100506013
100506071
100506084
100506085
100506195
100506215
100506422
100506492
100506599
100506627
100506649
100506668
100506688
100506834
100506844
100506866
100506888
100506939
100506990
100507034
100507043
100507057
100507064
100507098
100507194
100507218
100507244
100507266
100507346
100507351
100507373
100507392
100507412
100507421
100507424
100507433
100507436
100507463
100507500
100507501
100507557
100526693
100526694
100526737
100526739
100526761
100526767
100526772
100526783
100526820
100526825
100526830
100526831
100526832
100526833
100526835
100526836
100526837
100526842
100527943
100527950
100527960
100527963
100527978
100528007
100528016
100528018
100528021
100528030
100528031
100528064
100529063
100529067
100529097
100529207
100529215
100529239
100529240
100529241
100529261
100529262
100529264
100529855
10053
100532724
100532731
100532732
100532735
100532736
100532737
100533105
100533107
100533179
100533183
100533184
100533467
100533483
100533496
100533955
100534012
100534592
100534593
100534599
100534612
10058
1006
100616209
100616234
100628315
100630923
100652759
100653515
10068
1007
10071
100750247
10079
1008
10085
100861412
100861532
100861555
100873748
100873945
100874012
100874032
100874051
100874126
100874171
100874241
100874242
100874249
100885779
100885795
100885850
1009
10092
10094
10095
10096
10097
10098
100996307
100996712
100996928
100996939
1010
10100
10103
101060200
10109
10110
10112
101180901
1012
10123
10124
101243544
10125
10126
10129
10133
10135
10139
10140
10142
10150
10152
10153
10155
10156
10157
10159
1016
10164
10172
10178
10179
1018
10186
10190
10194
10195
102
1020
10203
10207
1021
10213
10215
10216
10217
10220
10224
10226
10234
10243
10247
10250
10251
10252
10253
10254
10256
10257
1026
10260
10265
10266
10267
1027
10278
1028
10289
1029
10290
10293
10297
1030
10300
10308
1031
10312
10313
10316
10317
10319
10320
10322
1033
10335
10343
10345
10346
10347
10351
1036
10360
10365
10371
1038
10381
10382
10389
1039
10391
103910
10395
10396
10397
10398
1040
10404
10406
1041
10411
10417
10418
10420
10426
10434
10435
10439
10440
10446
10447
10451
10457
10458
10459
10461
10468
1047
10472
10475
10484
10485
10486
10487
10500
10501
10507
1051
10512
10516
10518
10519
10523
10529
10531
10535
10536
10544
10548
10549
10550
10553
10555
10567
10570
10572
1058
10581
10586
10587
10588
10589
1060
10602
10603
10608
10610
10615
10618
1062
10620
10622
10625
10627
10628
10629
1063
10630
10631
10634
10635
10636
10641
10652
10653
10654
1066
10665
10670
10675
10678
10683
10690
10699
107
10714
10715
10718
10723
10725
1073
10734
10736
10742
10743
10747
10752
10755
10769
10783
10788
10791
10793
108
1080
10802
10806
10808
1081
10810
10813
10814
10817
10821
10825
10826
10827
10842
10846
10848
10858
10863
10865
10867
10868
10871
10873
10874
10882
10891
10893
10897
109
10900
10901
10911
10912
10916
10919
10924
10938
10940
10947
10949
10950
10954
10955
10957
10959
10962
10969
10970
10973
10981
10982
10991
11004
11005
11006
11007
11010
11013
11014
11015
11016
1102
11023
11031
11033
11034
11037
11039
11040
11046
11052
11061
11064
11065
11067
1107
11075
11076
11082
11093
11094
11095
11096
11098
111
11103
11113
11117
11118
1112
11120
11122
11123
1113
11130
11135
11137
1114
11141
11143
11145
11147
11148
11153
11159
11161
11162
11163
11164
11166
11167
11168
11169
11170
11173
11174
11177
11178
11187
11189
1119
11194
112
11200
11211
11217
11221
11223
11226
11227
1123
11230
112399
1124
11240
11244
11245
112464
11247
112476
11248
112483
11255
11258
11259
112597
11262
11267
11270
112703
11273
11274
11275
112752
112755
11279
11281
11282
112840
112849
112869
112885
112950
1130
113026
113130
113146
113179
11318
113201
11322
113230
113235
113246
113263
11328
11339
1134
113402
113419
11343
11344
113452
11346
1136
113655
1137
113791
113802
113828
113835
1139
114
114036
114043
114088
1141
114294
1143
114327
114569
114614
114659
114757
114780
114783
114784
114785
114787
114788
114789
114792
114793
114794
114795
114798
114799
114800
114801
114804
114805
114815
114818
114821
114822
114823
114825
114880
114884
114899
114900
114905
114908
114928
114991
115
115019
1152
115207
115399
115509
115548
115557
115572
115650
115677
115701
115703
115817
115827
1159
115908
115948
115950
116
116028
116068
116113
116135
116159
116254
116328
116372
1164
116412
116441
116442
116444
116447
116448
116496
116535
116832
116835
116843
116931
116969
116983
116984
116986
117
117143
117154
117156
117166
117178
117195
117245
117247
1173
1174
1175
117531
117581
117854
1181
1183
118426
118427
118429
118491
118672
118738
118788
119
1191
1192
119587
1196
120
120071
120114
120237
1203
120796
120892
121053
1212
121227
121256
121274
1213
121456
121457
121504
121506
121512
121536
121551
121601
121642
121643
122060
122416
122481
122553
122616
122786
122953
123
123036
123096
123624
123775
123803
123920
124044
124045
124093
124152
124222
124359
124401
124402
124491
124540
124583
124602
124637
124641
124739
124817
124925
124930
124944
124961
124976
124989
124997
125050
125058
125111
125704
125950
125965
125988
1261
126119
126129
126133
126295
126299
1263
126321
126326
126375
1264
126433
126567
126695
126755
126767
126792
1268
126820
126823
126917
126961
127002
1271
1272
127254
127343
127435
127665
1277
127703
127707
127731
127733
1278
127833
1280
128077
1281
128102
128153
1282
128218
128272
128312
128344
128414
128434
1285
128553
1286
1287
1288
128854
1289
1290
129025
129080
1292
129293
1293
1294
129401
129446
1295
129530
129531
1296
129684
1297
129790
1298
129804
129881
1299
1300
1301
130132
1302
130271
1303
1305
130574
1307
130733
1308
130814
130827
130872
130888
130951
131034
131096
1311
1312
1314
131405
131474
1315
131566
131583
1316
131616
132
132014
132203
132299
132321
1325
1326
132625
132671
132720
132789
132864
132949
133
133015
133396
133418
133522
133688
133923
134
134111
134218
134265
134285
134353
134429
134492
1345
134637
134728
134829
134957
135138
135154
1352
135228
135398
135458
136227
136242
1363
136332
1364
1365
1366
136853
1373
1375
137835
137902
137970
1380
138046
138050
1381
138151
1382
138255
138311
1387
138715
138716
138724
139189
1392
139221
1393
1394
139411
139562
139599
1397
139716
139728
139818
139886
1399
1400
140290
1404
140467
140469
140576
140578
140606
140609
140679
140680
140710
140730
140735
140766
140809
140828
140876
140883
140885
140893
140901
1410
142678
142680
142940
143
143244
143279
143282
143379
143425
143458
143662
143684
143686
143872
143884
143888
143903
144100
144132
144165
144195
144347
144348
144402
144423
144453
144501
144571
144699
144811
145165
145173
145258
145270
145438
145581
145624
145748
145853
145864
145978
146057
146177
1462
146206
146212
1463
146330
146378
146429
146433
146439
1465
146542
146562
1466
146664
146691
146712
146713
146754
146760
146857
146880
1469
146909
147011
147015
147040
1471
147111
147372
147381
147495
147645
147686
147808
147906
147912
147923
147949
147968
148022
148046
148113
148156
148170
148252
148266
148281
148398
148523
1486
148741
148898
1490
149076
149111
149281
149345
149420
149478
1496
149951
149986
150
150094
1501
150209
150275
150368
150622
150684
150726
150737
150776
1508
150864
1509
150946
150967
1511
151126
1512
151230
151246
1513
151306
151313
151354
1514
151449
151473
151477
1515
151636
151647
151651
151742
151790
151827
151835
151871
151887
152
1520
152006
152007
152189
1522
152273
1523
152330
1525
152503
152518
152579
152756
1528
153020
153090
153163
153469
153478
1535
153562
153571
153572
153657
153684
153733
153769
153830
153910
154043
154075
154141
154214
1543
154313
1544
154467
1545
154661
154664
154761
154796
154860
154865
1549
155066
155370
155382
155400
155435
1565
157
157313
157574
157627
157638
157695
157753
157807
1579
157922
158035
158055
158056
158158
158219
158228
1583
158326
158401
158405
158584
158586
1588
1592
1593
159371
1595
159686
159963
1600
1602
1603
160335
160364
160365
1604
160418
160428
1606
160622
160777
1608
160897
161003
1611
161145
161176
1612
161253
161291
161357
161436
161497
161582
161725
1618
161823
161829
161835
161882
1620
1622
162239
162282
162394
162461
162494
162514
162655
162699
1628
162963
162966
162968
162993
1630
163050
163051
163115
163183
1632
163227
163255
163259
1634
163404
1636
163732
163782
163786
163933
164045
1641
164312
164395
1644
1645
1646
164633
164832
165
165055
165186
165215
165257
1653
165679
1663
166336
1666
166614
166824
166929
167127
167227
167410
167681
167691
167826
168002
168090
168374
168400
168544
1687
1690
169044
169200
169522
169611
169714
169792
169834
169981
170063
170261
170302
170384
170394
170482
170685
170689
170690
170692
170825
170850
170954
170958
170961
171019
171023
171392
171423
171425
171489
1717
1718
1728
1730
1734
1735
1739
174
1740
1742
1745
1746
1747
1749
175
1750
1756
1757
1758
176
1760
1763
1767
1768
177
1770
1774
1780
1787
1789
1791
1794
1795
1796
1797
18
1801
1803
1804
1806
1809
1815
182
1821
1822
1824
1826
1827
1829
1831
1832
1837
1838
1839
1840
1841
1842
1843
1846
1847
1848
1849
1850
1861
1869
187
1870
1879
1889
1890
1893
1896
19
1901
1902
1906
1907
1909
1910
1911
1912
1917
192134
192683
1942
1943
1944
1946
1947
1948
1949
1950
1951
1952
1953
1955
1956
1958
195827
195828
1959
196
1960
196051
196074
196294
196383
196385
196403
196410
196475
196500
196527
196528
196549
1969
196951
197021
197257
197259
197320
197335
197407
1978
1984
1991
199223
1993
1995
1996
199704
199713
199745
199800
1999
199920
199953
2
20
2000
200030
200058
200132
200150
200162
200185
200197
200312
200373
2004
200424
200539
200558
2006
200844
200895
2009
200916
200942
200958
201161
201176
201181
201191
2012
201255
201299
2014
201514
2016
201633
2017
201725
201798
201799
2018
2019
201973
202
2020
202020
202181
2022
202333
202374
202559
2026
202658
2027
2028
2030
203062
203068
203069
203111
203228
203238
203286
2033
2034
203427
203429
203447
2035
203859
2039
2040
2041
2042
2043
2044
2045
2047
2048
2049
204962
205
2051
2052
2053
205428
205860
2059
2060
2064
2066
2068
2070
207107
2077
2078
2081
2086
21
2100
2103
2104
2113
2114
2116
2118
2119
2122
2123
2131
2134
2138
2139
214
2146
2149
215
2150
2151
2152
2157
216
2162
2166
2170
2171
2172
2173
2176
2177
2180
2181
2182
2184
2186
2187
2188
2189
2192
219285
219287
219527
219537
2196
219654
219670
219681
219699
219736
219738
219749
219790
219833
219854
2199
219931
219972
220
2200
220001
220002
220004
220042
2201
220108
220136
220164
2202
220213
2203
220323
220359
220382
220388
220441
220869
220930
220963
220965
221002
221035
221037
221078
221150
221178
221184
221191
221264
221336
221393
221395
221421
221424
221443
221481
221504
221527
221662
221687
2217
221710
221711
221749
221756
221806
221833
221895
221914
221927
221935
221938
221981
222161
222166
222183
2222
222234
222389
2224
222553
222611
222642
222643
222662
222663
222696
222894
222950
222962
223075
223082
223117
2232
2239
2242
2246
2247
225
2253
2254
225689
2257
2258
2259
226
2260
2261
2262
2263
2264
2274
22795
22797
2280
22800
22801
22807
22820
22821
22822
22824
22829
22832
22836
22837
22838
22841
22843
22846
22852
22853
22854
22856
22859
22861
22865
22866
22869
22871
22872
22874
22875
2288
22881
22882
22898
2290
22901
22902
22903
22911
22914
22915
22918
22920
22924
22925
22927
22929
22933
22936
22937
2294
22941
22943
2295
2296
2297
22978
22979
22981
22983
22986
22987
22989
22994
22996
22997
22998
22999
230
2300
23002
23007
23012
23013
23017
2302
23024
23025
23026
2303
23031
23033
23034
23037
23038
2304
23040
23043
23046
2305
23052
23054
23057
2306
23066
23067
2307
23072
2308
23089
23090
23093
23095
23096
23098
2310
23101
23102
23108
23113
23114
23119
23127
23129
2313
23130
23133
23135
23136
23138
23142
23143
23144
23145
23148
23149
23150
23151
23157
23158
23163
23166
23167
2317
23171
23174
23178
23179
2318
23180
23189
23194
23195
23198
23199
23201
23208
23209
2321
23213
23217
23220
23221
23224
23225
23228
23229
23237
23239
23242
23243
23250
23251
23254
23255
23263
23266
23268
23270
23279
23281
23283
23284
23285
23288
23294
23302
23306
23308
2331
23312
23314
23316
23317
23318
23321
23324
23327
23329
23331
23336
23338
2334
23345
23348
23349
2335
23359
23362
23363
23366
23371
23373
23400
23401
23403
23406
23412
23414
23416
23418
23421
23423
23424
23426
23428
23440
23452
23461
23462
23471
23476
2348
23480
23493
23499
23500
23504
23507
23508
23513
23524
2353
23531
23533
2354
23542
23544
2355
23550
23552
23554
23564
23567
23576
23580
23584
23586
23592
23597
23598
23600
23601
23603
23607
23612
23616
23623
23624
23625
23629
23630
23632
23635
23639
23642
23645
23648
23650
23658
23659
23670
23671
23673
23682
23705
23710
23741
23762
23767
23768
23769
23779
23783
238
239
24
240
241
24138
24139
24141
24147
2444
245812
246175
246181
246182
246721
2487
249
2494
2495
251
2516
2517
2519
2525
2527
252995
2530
253128
253152
253461
2535
253559
253635
253650
253738
253769
253827
253970
254048
254050
254122
254187
2542
254228
254263
254295
254427
254559
254778
2548
254863
254887
254896
2550
255031
255057
255082
255104
255130
255193
255374
255403
255488
2555
2556
255631
255738
255743
255758
255783
2558
255877
256076
2561
256126
256130
2562
256302
256329
256435
256472
256536
2566
256691
2567
256714
256764
2568
2569
256987
257019
2571
257144
257169
257194
2572
257218
257236
257357
257407
257415
25758
25759
2576
25786
25787
25789
25790
25791
25794
25799
25800
25801
258010
25805
25809
2581
25816
25817
25819
2582
25823
25825
2583
25830
25841
25845
25849
25850
25853
25854
25855
25861
25862
25864
25865
2587
25878
25888
2589
25891
25894
2590
25903
25907
2591
25914
25915
25917
259173
2592
259217
25923
259232
25925
259266
25927
25928
259308
25932
25937
25939
25940
25945
25946
25949
25956
25957
25959
2596
25960
25966
25973
25976
25977
25979
25989
25992
25996
25999
26010
26011
26012
26013
26018
26020
26025
260294
26031
26032
26033
26034
26035
26037
26038
26039
26040
26045
26047
26049
26050
26051
26052
26053
26056
26064
26077
26084
26086
26090
26094
26108
26112
26115
26119
26128
26136
26137
26145
26147
26149
26150
26153
26154
26160
26167
2617
261726
261729
261734
26175
2619
26191
2620
2621
26220
26224
26225
26227
26230
26232
2624
2625
26257
26262
26267
2627
2628
26280
2629
26290
26292
2630
2632
2633
2634
2635
26353
26354
2637
2643
2644
2645
26468
26472
2648
2649
2650
26503
26504
26505
26508
26509
26511
26512
26523
2657
26575
26577
26578
26580
26585
26610
2662
266655
266722
266727
266743
2668
266812
2669
266971
2670
2674
2675
26751
26762
26768
2678
268
26826
26827
2683
26830
26834
26835
26855
26863
26864
26865
26866
26869
26870
26871
26873
26958
2696
26960
2697
26974
26993
26996
26999
27
2700
27000
27005
27019
2702
27020
27022
27023
27043
2706
27063
27065
27075
27085
27087
27089
27092
27106
27112
27113
27122
27123
27124
27130
27132
27133
27134
27143
27145
27147
27151
27152
27153
27158
27164
27165
27166
27185
2719
272
27201
27231
27233
27237
27239
27241
27242
27244
27245
27248
27252
27253
27254
27255
27257
27258
27285
27286
27289
27293
27295
273
27303
2731
27314
27315
27316
27324
27328
27333
27336
27344
27345
27348
2735
27350
2736
2737
274
2742
27429
2743
27439
2744
27443
2745
2747
275
2752
2762
2766
2767
2775
2780
2781
2784
2785
2786
2788
2791
2793
2796
280
2802
2803
2810
2812
2823
28231
28232
2824
2827
282890
282969
282973
282974
282996
283
283070
283106
283120
283131
28316
283174
283177
283212
283232
283234
283248
283299
283316
283337
283349
283358
283392
283417
283431
283446
283450
283455
283464
283480
283481
283491
283518
283521
283554
283576
283592
283643
283652
283659
283683
283687
283796
283869
283897
283971
283987
283989
284
284004
284029
284040
284069
284076
284086
284106
284114
284116
284119
284129
2842
284207
284215
284217
284252
284266
284273
284297
284307
284312
284339
284361
284391
284395
284403
284406
284412
284422
284434
284454
284581
2846
284611
284615
284618
284654
284656
2847
284716
284739
284749
284800
284837
284865
284900
284992
284996
2850
285016
285025
28514
285175
285194
285195
285203
285231
285362
285368
285375
285401
285464
285489
285513
285533
285548
285672
285704
285758
285761
285800
285888
285908
285958
285962
285971
286
286046
286076
286077
2861
286151
286177
286183
286204
286223
286257
286297
2863
286319
286333
286336
286343
286380
286411
286464
286467
2867
286749
286753
286826
2869
287
2882
2886
2890
2891
2892
2893
2895
28951
28956
28966
28968
28970
28971
2898
28981
28983
28984
28988
2899
28992
28996
28999
290
2900
2901
29015
2903
2904
2906
29065
29068
29070
29071
2908
29080
29082
29091
29094
29104
29106
29108
29109
2911
29114
29118
29119
2912
29126
29128
2913
2915
2917
2918
2919
2920
2921
2923
2925
2934
2941
2944
2946
2948
2954
2961
2963
2968
2970
29761
29763
29766
29767
2977
29775
2978
29780
29781
29785
29798
29799
2982
2983
2984
29841
29842
2987
29880
29881
29887
29901
29907
29911
29915
29919
2992
29926
29927
29929
29931
29933
29937
29942
29944
2995
29951
29952
29953
29957
29964
29982
29984
29988
29990
29993
29994
29995
29997
29998
30
30001
30008
3001
30010
30011
3005
3006
30061
30062
3007
3008
3009
301
3012
3013
3014
3017
302
3037
3039
304
3040
3050
3054
3055
3059
306
3067
3069
307
3070
3074
3075
3077
308
30811
30812
30819
30820
30832
30837
3084
30844
30846
30851
309
3090
3091
3092
3096
3097
3098
310
3104
3105
3106
3107
3109
311
3123
3136
314
3148
3157
3158
3159
316
3162
3163
3164
3166
3169
3170
3171
3175
3176
317649
3177
317749
317762
317772
3178
318
3189
3199
32
320
3205
3207
3209
321
3212
3213
3219
322
323
3241
3242
3248
3249
3251
3257
326332
3270
3280
3291
3298
33
3303
3304
3306
3309
3312
3315
332
3321
3329
333
3336
333926
333932
334
3340
3352
3357
3358
3363
337
3371
337873
337876
338
3382
3383
338323
338382
338427
338440
338596
3386
338645
338651
338657
338707
338758
338761
338799
338811
339044
339122
339184
339263
339318
339327
339456
339479
339483
339500
339535
3397
339751
3398
339829
339834
339894
3399
339942
339983
3400
340061
340075
340120
340260
340277
340307
340348
340351
340371
340419
340526
340527
340529
340533
340543
340596
340784
340990
341
341019
341277
341359
341640
3418
341883
3419
342
342035
342096
342184
3422
342346
3425
342527
3428
3430
343099
3431
3433
3434
343450
343472
343521
343578
343702
343990
344148
344167
344405
344558
344838
345079
3454
345462
345757
345895
346007
346157
346171
346389
346653
346689
347
347051
347240
347252
347273
347475
347689
347694
347730
347731
347733
347746
347902
348
3480
348093
3481
348110
348174
3483
348303
3485
3486
3487
3488
348801
348807
3489
348926
348938
3490
3491
349136
349334
349408
349667
3516
352909
352954
353149
353189
353345
353355
353376
3547
355
3556
3563
3566
3569
3572
3574
3575
3576
358
3589
3590
3595
3597
3598
359948
3601
3603
3609
361
3611
3613
3619
3620
3621
3624
3625
3628
3635
3638
364
3642
3643
3653
3654
3655
3662
3664
3665
3667
367
3670
3672
3673
3674
3675
3676
3678
3679
3680
3685
3688
3689
3690
3691
3692
3693
3696
3704
3707
3708
3709
3710
3716
3717
372
3720
3725
3726
3727
3728
3730
373156
3736
3738
374
374378
374383
374395
374403
3745
3746
374618
374654
374655
374666
3748
374872
374875
374887
3749
374946
3750
375033
375057
375061
3751
375133
375190
3752
375298
3753
375323
375387
3754
375444
375449
375484
375567
375593
3756
3757
375704
375719
375743
3759
3761
376267
3763
3764
3767
3768
376940
3773
3775
3776
377630
3778
378
3780
3781
378108
3782
3783
3785
3786
3787
378706
378708
378805
378832
379
3790
3795
3797
3798
38
3800
3801
3814
3815
382
3822
3823
3833
3835
3855
3856
386593
3866
386607
386627
386757
386758
3868
387036
387104
387119
3872
387264
3875
387509
387522
387590
387597
387628
387638
387640
387644
387712
387758
387763
387836
387856
387882
387914
387978
388
3880
388015
388021
388115
388135
388152
388182
388228
388242
388324
388336
388419
388507
388536
388569
388585
388610
388630
388650
388662
388697
388753
388815
388886
388962
388963
389
389023
389058
389125
389206
389289
389333
389421
389432
3895
389517
389524
389541
389549
389610
389633
389677
3897
389715
389741
389765
389766
389792
389799
3898
389812
389813
389856
389906
39
390
390010
3902
390205
390595
390598
390660
3908
390874
3909
390992
3910
391059
3911
3912
3914
3915
3918
3920
392197
392255
392399
392490
392617
3927
393
3932
3936
3939
3955
3956
3958
3959
396
3964
397
3975
3976
3977
3978
398
3980
3983
3987
3988
399
3991
3993
399474
3995
3996
399664
399665
399668
399670
399671
399717
399726
399753
3998
399823
399827
399844
399876
399881
399947
399959
40
4000
400027
400043
4001
400120
400224
400360
4004
400410
400451
4005
400506
400655
400658
400680
400685
400713
400793
4008
400818
400866
4009
400916
400927
400940
400954
400961
400966
4010
401024
401074
401115
401145
401149
4012
401237
401258
401262
401331
401375
401428
401474
401491
401494
4015
401509
401577
4016
4017
401720
4018
401898
402
4023
402665
4036
4037
4038
404037
404093
404201
404217
4045
404550
4046
4047
404744
4050
4052
4053
4057
4059
406
4060
4062
4065
4067
4070
4071
4072
407738
407975
407977
408
408050
408263
4085
409
4091
4092
4093
4094
41
4117
412
4121
4122
4124
4128
4129
4130
4131
4133
4135
4137
4139
414152
414216
414235
414236
414301
4145
4147
414763
4148
414899
414918
4150
415056
415116
415117
4154
4155
4162
4171
4172
4174
4176
4179
4185
4188
4189
4192
4193
4199
4208
421
4211
4212
4213
4215
4217
4221
4222
4223
4232
4233
4239
4242
4247
4248
4254
4257
4258
4267
4277
4281
4286
4288
429
4294
4298
4299
43
4300
4306
4311
4313
4314
4316
4318
4319
432
4320
4322
4323
4324
4325
4326
4329
4330
4332
4336
4338
4343
4345
435
4350
4354
4355
4361
4363
439921
439931
439965
439994
439996
440
440028
440078
440081
440097
440101
440145
440270
440275
440295
440297
440299
440434
440519
440556
440585
440672
440689
440730
440804
440823
440836
440896
440905
440910
440925
440957
440970
441024
441056
441081
441094
441108
441150
441151
441194
441204
441208
441212
441250
441263
441272
441273
441282
441294
441381
441432
441459
441478
441495
441502
441518
441519
441631
441666
441869
442213
442524
4430
4435
4439
444
4440
445
445328
445329
445372
445571
445577
445582
445815
4478
4481
4482
4485
4487
4488
4493
4500
4502
4534
4542
4547
4582
4585
4588
4595
4597
4598
4599
460
4602
4603
4604
4605
4609
4610
4613
4616
4620
4624
4625
4627
463
4637
4638
4642
4643
4645
4647
4648
4660
4661
4664
4665
4669
467
4674
4675
4678
4681
4684
4685
4689
4692
4698
4703
4708
4709
4712
473
4734
4738
4739
4741
474338
474343
4744
4747
475
4753
4756
476
4760
4762
477
4772
4773
4774
4776
4779
478
4780
4781
4782
4783
4784
4796
4798
48
480
4801
4803
4804
4807
4808
481
4810
4811
4814
482
4821
4825
4831
4832
4835
4837
4843
4851
4853
4854
4855
4856
4857
4858
486
4860
4861
4862
4867
4868
487
4879
4881
4882
4883
4884
4885
4886
4887
489
4897
490
4900
4907
4908
491
4915
4916
4917
4919
4920
4921
4922
4923
492303
4925
4929
493
4935
4938
493860
493861
493869
493900
493911
4940
4942
494470
494514
4948
4953
4958
497190
4978
4982
4986
4990
4998
5001
5002
5010
5013
5015
5016
5017
5021
5024
5028
5032
5033
5034
503542
503569
5045
5046
50484
50486
50487
50507
50508
50509
50512
50515
5052
5053
5054
5058
50614
50617
50618
50619
50624
50628
5063
50632
5064
50649
50650
5066
5067
5069
5074
5076
5077
5079
5080
50804
50808
5081
50813
50814
50831
50832
50852
50855
50859
50861
50863
5087
5090
5092
50937
50944
5097
5098
5099
50999
5100
51000
51002
51005
51009
5101
51012
51014
51019
51022
51024
51026
51030
5104
51046
51050
51056
51058
51059
5106
51061
51062
51065
51071
51083
51084
51085
51087
51091
51093
51097
5110
51104
51106
51114
51119
51124
51126
51129
51131
51134
51136
51142
51144
51147
51148
51162
51168
51176
5118
51186
51191
51195
51196
51200
51203
51209
5121
5122
51222
51225
51226
51232
5125
51251
51255
5126
51265
51268
51276
51278
5128
51282
51285
51286
5129
51290
51291
51294
51295
51296
51299
5130
51301
51308
51310
51313
51314
51315
51316
51330
51332
51333
51339
51347
51351
5136
51360
51361
51363
51364
51368
5137
51371
51375
5138
51380
51382
51384
51385
5139
51390
51393
51399
514
5140
51400
5141
51411
51412
5142
51421
51422
51429
51435
5144
51440
51442
51450
51454
51460
51463
51465
51466
51473
51474
51477
51490
5151
51514
51517
5152
51527
5153
51533
5154
51540
5155
51555
5156
51560
51564
51569
51573
51574
51575
51588
5159
51599
51617
5162
51626
5163
51633
51646
5165
51651
51652
51655
51659
5166
51660
51661
51668
5167
51673
5168
51684
51691
51699
517
51700
51703
51704
51706
51714
51719
51726
51727
5174
51741
51747
51750
51752
51754
5176
51760
51761
5179
51809
5187
5198
5199
5201
5202
5203
5205
5210
5212
5214
5216
5218
5223
5224
5225
5228
5230
5236
5238
5239
5243
5244
525
5251
5269
5270
5271
5272
5276
5287
529
5292
5294
5295
53
5308
5310
5314
5315
5317
5318
5320
5321
5324
5325
5326
5327
5328
5329
5330
5332
5333
53335
53339
5334
53340
53345
5335
53353
53358
5336
5337
5339
53405
5341
5342
5343
5345
5347
5350
5351
5352
5354
5355
5358
5359
5360
53616
5362
53630
53635
5364
5366
5367
5370
5373
5376
5379
538
5380
53826
53827
53829
5383
53834
53841
53842
53844
53904
53905
53916
53918
53919
53942
53947
5396
54014
54020
54033
54039
54058
54059
54069
54084
54101
54102
54103
5411
5413
5414
541466
541471
541473
54149
541565
54187
5420
54206
54207
5422
5424
5426
5427
54328
54329
54331
54332
54360
54361
54407
5441
54413
54414
5442
54429
54431
54434
54436
54437
54440
54441
54443
54453
54456
54458
54466
54478
54480
54492
54495
54502
54504
54507
54508
5451
54510
54511
5452
5453
54532
54535
54536
54538
5454
54540
54541
54549
5455
54550
54551
54556
54558
5456
54566
54567
5457
54583
54585
54586
54587
54596
5460
54602
54621
54625
54658
54661
54665
54674
54677
5468
54681
54682
547
54704
5471
54715
54732
54733
54734
54742
54749
5475
54753
54754
54756
54757
54760
54762
54768
54769
54777
5478
54780
5479
54790
54793
54796
54798
54799
5480
54800
54805
54809
54828
54829
54830
548321
54836
54838
54839
54842
54843
54845
54848
54855
54857
548596
54863
54867
54869
54873
54885
54886
54894
54897
54898
54903
54913
54923
54928
54929
5493
54930
54932
54946
54947
5495
54951
54956
54961
54969
54970
54972
54976
54981
54982
54989
54996
54997
55002
55008
5502
55022
55023
55026
55027
55034
55036
55038
55040
55057
55061
55062
55064
55065
55068
5507
55070
55075
55079
55081
55082
55083
55084
55086
55088
55089
55092
5510
55106
55107
55117
55118
55130
55137
55138
5514
55150
55151
55160
55166
55170
55178
55179
55182
55188
55190
55191
55194
55196
552
55203
5521
55211
55214
55215
5522
55220
55222
55223
55224
55225
55226
55227
55228
55230
55237
55240
55244
55256
55260
55268
55276
55289
55290
552900
55293
55295
5530
55300
55304
553103
55314
55315
553158
55316
55320
55328
55329
5533
55332
55337
55340
55342
55345
55351
55357
55366
55367
55374
55379
55388
55422
554235
554236
554313
55450
55454
55502
55504
55505
55506
55512
55515
5552
55520
55521
55529
55534
55536
55544
55553
55561
55565
55568
5557
55572
55577
55582
55592
55601
55604
55605
55607
55612
55616
55619
5562
5563
55636
55638
55643
55647
55657
55663
55672
55679
55683
5569
55691
55692
55693
55695
55698
55701
55702
55707
5571
55711
55713
55722
55723
55728
5573
55733
55737
55742
55745
55747
5575
55752
55753
55754
55760
55764
55765
55766
5577
55770
55779
5578
55785
55786
55789
5579
55793
55794
55796
55799
558
5580
55800
55803
55806
5581
55812
55816
55819
5582
55824
55827
55829
5583
55835
55843
55847
55852
55855
55857
55858
55859
55860
55861
55862
55871
55876
55879
5588
55885
55900
55901
55902
55916
5592
55920
55924
55954
55959
5596
55964
55966
55969
55970
55971
55973
5598
55997
5600
56000
56005
5602
56034
56062
5608
56097
56098
56099
56100
56102
56105
56107
56109
5611
56110
56114
56120
56121
56124
56125
56126
56128
56129
56131
56132
56135
56136
56138
56141
56142
56143
56144
56145
56146
56154
56155
56165
56171
5618
56180
5621
56241
56242
56243
5625
56256
56261
56265
5627
5629
56341
5638
5644
5645
56475
56479
5648
5649
5652
56521
5654
5655
5657
566
56603
5662
56623
56652
56654
56660
56666
56670
56674
56675
567
56704
56751
56776
56829
56832
56849
56851
56852
56853
5686
56884
56890
56892
56893
56894
56895
56896
56903
56905
56907
56911
56913
56917
56920
56924
56925
56928
56934
56936
56937
56938
56944
56946
56950
56951
56952
56953
56954
56956
5696
56961
56963
56967
56969
56975
56977
56978
56981
5699
56992
56994
56997
56998
56999
5700
57001
57007
5701
5702
57026
57030
57037
57045
57048
57060
57061
5707
5708
57084
57099
57101
57102
57106
57110
57111
57116
57117
57124
57125
57126
57134
57136
57139
5714
57142
57144
57153
57156
57158
57161
57167
57168
57169
57171
57172
57175
57176
57180
57185
57186
57194
5720
57205
5721
57211
57214
57216
57221
57224
57228
57231
5727
5730
5733
57332
57333
57335
57336
57338
5734
57348
57369
5738
57380
57381
5740
57402
574036
57406
57409
57414
5742
5743
5744
574407
57447
57451
57452
57453
57458
57459
57460
57463
57466
57469
57471
57475
57476
57478
57479
57480
57482
57484
57488
57491
57493
57495
57496
57497
575
57501
57502
57507
57509
57512
57513
57514
57515
57519
57520
57523
57524
57526
57528
57529
57530
57536
57537
57538
57540
57541
57544
57549
57552
57554
57555
57556
57559
5756
57561
57565
57568
57574
57575
57576
57577
57578
57579
57580
57585
57586
57593
57594
57595
57596
57597
57605
57608
57611
57616
57619
57620
57622
57628
5763
57636
57639
5764
57643
57646
57653
57657
57662
57664
57666
57669
57670
57673
57683
57684
57685
57687
57689
57690
57692
57697
577
5770
57705
57706
57708
57716
57717
57718
57719
57722
57727
57728
57731
5774
57758
57761
5777
57795
5780
57801
57819
5782
57820
57821
57822
57826
57828
5783
5784
57863
5789
579
5791
5793
5794
5797
5798
5799
58
580
5800
5801
5802
5803
5806
58158
5817
5818
58189
58190
582
5820
5826
5829
5830
5833
5834
5836
5837
58472
58473
58480
58489
58491
58494
58495
58498
58499
58504
58512
58516
58524
58525
58527
58528
58529
58533
58538
5858
5862
5864
5865
5866
5870
5872
5874
5878
5880
5889
5890
5893
5896
5897
5899
59
590
5906
59084
5909
5912
5914
5915
5916
5917
5919
5923
5924
59269
59277
59284
593
59307
5932
59342
59353
5937
5947
595
596
5965
5971
5973
5979
598
5980
5983
5984
5990
5991
5992
5994
5996
5997
5998
5999
60
6000
6001
6002
6004
6015
602
6023
6029
60312
6035
6036
6039
604
60401
60436
60468
60488
60489
60490
60495
605
60559
60598
6060
606495
60672
60675
60676
60680
607
6080
6091
6092
6096
610
6102
611
6118
6119
613
6166
618
6184
619207
619279
619383
619568
6196
6210
6218
6231
6234
6235
6237
6238
6251
6252
6256
6258
6261
6262
6263
627
6272
6275
6277
6281
6282
6284
6297
6299
63027
6303
63035
6304
6305
6307
631
6310
6317
6318
6323
6328
6329
633
6330
6331
6332
6335
6337
6339
634
6372
6374
6376
6382
63827
6383
6385
6387
63874
63875
63876
63893
63895
63898
639
6390
63910
63915
63920
63922
63923
63926
63940
63950
63951
6396
63973
63976
63978
63979
63982
6400
6405
6406
64063
64065
64067
64073
64077
64080
64084
64093
64094
64097
64101
64114
64116
64122
64123
64129
64131
641371
641455
64146
6415
641516
641518
641638
641649
64167
64168
641700
641702
64175
64180
64207
64211
64215
64218
6422
64220
64221
642273
6423
64236
642361
642366
6424
642423
642475
642587
642799
642826
64283
64284
642846
64285
64288
64319
643224
643314
64333
643382
64342
64359
643641
643650
643707
64374
64375
64376
643763
64377
643853
64386
64388
643911
64393
64395
643988
64399
644
644019
64403
64405
644068
64409
644096
64410
64411
644150
64420
64423
64428
644353
6445
6446
644656
64478
6448
644815
644943
6450
645166
645323
645332
645369
645513
645520
6456
6457
64579
645811
64582
645843
645864
64599
646
646023
6461
646201
646300
646329
6464
64641
64648
646508
64651
646576
646600
6468
646892
6469
646903
64699
647024
647033
647121
64714
647310
64743
64744
64746
64747
647476
64750
64753
64757
64759
64761
64762
64763
64764
64772
64773
64776
64777
64778
64783
64785
647859
64787
64788
64793
64799
648
64800
64801
64834
6484
64849
64855
64856
64859
64866
6487
64881
6489
648987
649
6490
64901
649159
64919
6492
64921
64926
6493
6494
64943
649446
64946
6495
6496
6497
6498
64983
650
65008
65009
65012
650368
6505
65055
65056
65057
6506
65062
65065
6507
65078
6508
6509
65108
65109
6511
6513
6515
651746
6519
652
65217
65243
65249
65251
65266
65267
65268
6527
6528
6529
652995
653
653140
653268
653269
653275
653308
653319
653390
653404
653427
653489
6535
653501
653583
6536
653604
653641
653643
653653
653659
653687
653781
653820
6542
6543
654364
654466
654502
6546
654835
6550
6560
6566
6567
657
6571
6573
6574
6575
6576
6579
658
6585
6586
659
6591
6595
6597
65975
65981
65982
65983
65985
65990
65992
65997
66000
66004
66008
6604
6607
6608
6609
6611
6615
6616
6618
6620
6622
6623
6626
6629
6632
664
6641
6646
6653
6656
6657
6658
6659
666
6660
6662
6663
6664
6665
6666
667
6671
6672
6675
6678
669
6692
6695
6696
6697
6711
6712
6713
6715
6720
6737
6744
6745
6747
675
6750
6751
6764
6768
6769
677
677766
677768
677769
677772
677777
677805
677822
678
6781
6793
6795
6801
6809
6810
6818
6819
6833
6839
684
6840
6843
6844
6853
6854
6855
6856
6860
6861
6867
687
6874
6875
6876
6877
688
6884
6887
6890
6891
6894
6897
6899
6900
6904
6907
6913
6917
6919
6920
692148
6926
6928
6929
6935
694
6948
6990
6997
6998
70
7001
7004
7005
7006
7008
7010
7012
7013
7015
7016
7020
7021
7022
7023
7025
7026
7031
7035
7037
7039
7040
7041
7042
7043
7044
7045
7046
7048
7050
7052
7054
7056
7057
7058
706
7060
7064
7067
7068
7070
7074
7075
7076
7077
7079
7080
7083
7084
7086
7088
7089
7090
7091
7092
7094
7096
7099
710
7101
7102
7106
7107
7113
7114
7122
7127
7128
7132
7137
7138
7139
7145
7146
7148
715
7153
716
7161
7162
7163
7164
7165
7166
7168
7169
717
7170
7171
7177
718
7184
7185
7186
7188
72
720
7200
721
7222
7223
7224
7225
7226
7227
723790
723961
724033
726
7262
7263
7264
727
7272
7275
7276
7277
727708
727800
727832
727849
727851
727897
727936
727940
727956
727957
7280
728047
728066
728116
728194
728215
728239
728262
728269
728294
728377
728378
728392
728404
728407
728411
728431
728464
728492
728495
728554
728577
728591
728609
728622
728656
728661
728689
728712
728723
728752
728806
728833
728841
728855
728875
728882
728912
728932
728936
728939
729085
7291
729121
729171
729177
729220
729234
729288
729359
729375
729438
729444
7295
729515
729533
729540
729665
729747
729830
729873
729956
729970
730092
730094
730101
7318
7345
7347
7351
7353
7357
7360
7373
7374
7378
7379
7389
7390
7402
7403
7408
7410
7412
7414
7421
7424
7425
7429
7430
7431
7434
7436
7439
744
7444
7447
7450
7453
7454
7456
7464
7465
7469
7471
7473
7474
7475
7476
7478
7479
7480
7482
7486
7511
753
7534
7536
7538
7539
7545
7546
7547
7552
7554
7556
7564
7567
7568
758
7581
7597
760
761
762
7621
7625
7629
7638
7639
7643
7644
767
7675
767811
7681
768206
768239
7686
7691
7697
770
7700
7703
7704
7706
771
7718
773
7730
7732
7733
7739
774
775
7754
776
7760
7761
7762
7763
777
7773
7775
7779
778
7781
7782
7784
7786
7791
7798
780
7802
7804
7805
781
782
7832
7837
784
7840
7846
7849
785
7852
7855
7857
7866
7867
7869
7873
788
7881
78986
78990
78994
78995
78997
78998
790
79006
79007
79012
79020
79022
79026
79031
79034
79037
79047
7905
79057
79070
79072
79075
79077
79083
79090
79092
79094
790952
79096
79102
791114
791115
7913
7915
79152
79156
7916
79165
79173
79174
79175
79188
79191
79192
79228
7923
79258
793
79365
794
79412
79414
7942
79447
79469
79567
79570
79573
79583
79585
79586
79590
79595
79598
79603
79605
79608
79612
79623
79624
79625
79627
79628
79632
79633
79642
79645
79651
79656
79658
79660
79663
79665
79666
79669
79671
79674
79677
79679
79682
79683
79690
79694
79695
79698
79705
79710
79712
79720
79724
79725
79727
79729
79730
79731
79733
79734
79739
79740
79745
79746
7975
79751
79755
7976
79767
79768
79772
79774
79776
7978
79784
79789
79792
7980
79805
79812
79816
79817
79819
7982
79822
79825
79827
79831
79839
7984
79844
79845
79846
79852
79856
79857
79858
79867
79869
79870
79875
79887
79890
79894
79895
79896
79899
79901
79906
79915
79923
79925
79929
79931
79933
79934
79937
79940
79948
79953
79958
79960
79969
79971
79973
79974
79977
79983
79987
79991
800
80000
80003
80004
80005
8001
80010
80014
80019
80021
80022
80023
80031
80034
80036
80055
80059
80069
80070
80071
80095
80108
80114
80115
80119
80125
8013
80139
80144
80146
80148
80150
80154
80162
80164
80174
80176
80177
80178
80183
80184
8019
80194
80195
80206
80209
80212
80217
80221
80237
80243
80256
80258
80263
80267
80271
80273
80274
80279
80303
80306
8031
80310
80311
80312
80315
80318
80319
80321
80323
80332
80333
8034
80341
80345
8038
80380
805
8061
80700
80704
80705
80714
80723
80725
80726
80728
80758
8076
80764
80777
80778
80781
80816
80818
8082
80820
80823
80824
80833
8085
80852
80853
80854
80862
80864
8091
8099
81
81025
81029
81031
81035
8106
811
8110
8120
8123
8128
813
814
8140
81491
815
8153
81537
81551
81552
81553
81555
81557
81558
81563
81567
81571
81575
81576
81578
81605
81606
81607
81610
81618
81620
81624
81629
81631
8165
81671
81691
81704
81706
8174
8175
81788
81792
81794
81796
81831
81832
81839
81846
81848
81849
81855
81857
81873
81889
81890
81893
81926
81928
81930
81931
8200
8204
8208
821
8214
8216
822
8224
823
8237
8239
824
8243
826
8263
827
8277
8289
829
8291
8292
8293
8294
8301
8302
8303
831
8312
8313
8317
8318
8321
8323
8324
8325
83259
8326
8329
833
8330
8331
8332
8334
8335
8336
8337
8338
8339
83394
8340
8341
8342
8343
83439
8344
83440
83442
83444
83449
8345
8346
83461
83468
8347
83473
83478
8348
83481
83482
8349
8350
8351
8353
83538
8354
83541
83543
83546
83547
8355
8356
8357
8358
8359
83591
836
8360
83604
8361
8362
8363
8364
83643
83648
8365
8366
83666
8367
8368
83690
83692
83699
8370
83715
83716
83723
83729
83742
8379
8382
83850
83851
83856
83872
83874
83886
83892
83894
83903
83935
8395
83959
8398
83988
8399
83992
840
84000
84002
8403
84033
84034
8404
8405
84056
84057
84058
84059
8406
84063
84069
8407
84071
84073
84074
84078
8408
84080
84083
84085
84101
84102
84106
84107
8411
8412
84125
84131
84132
84133
84141
84144
84148
84152
84159
84166
84167
84168
84171
84173
84174
84176
84187
84189
84206
84216
84218
84230
84239
84243
84246
84247
84249
8425
84250
84251
84253
84256
84260
84263
84266
84270
84278
84279
84280
84289
84290
843
84302
84305
84307
84312
84314
84316
84318
84327
8433
84330
8434
8436
8437
8438
8439
8443
84433
84435
84436
84439
8444
84440
84441
84444
84446
84448
84451
84455
84456
84457
84460
84461
84466
84467
8447
8448
84502
84504
84515
84519
84524
84525
84527
84530
84536
84539
84541
84553
84570
8459
84617
8462
84620
84623
84627
84628
84629
8463
84630
84631
84632
84645
84669
84675
84678
84679
84680
84681
84691
84695
8470
84700
84707
84708
8471
84722
84726
84733
84740
84747
84749
8476
84765
84766
84775
84787
8479
84790
84793
84795
84807
84808
84809
84814
84815
84818
8482
84826
84830
84839
84848
84850
84852
84856
84858
84867
8487
84870
84875
84876
84878
84879
84886
84888
84889
84891
84894
84898
84899
8490
84900
84910
84911
84913
84915
84918
8492
84920
84926
84929
8493
84935
84939
84940
84948
8495
84952
84953
84954
84958
84959
8496
84960
84964
84966
84969
84981
84988
8499
84992
85002
85004
85007
8501
85027
8503
8506
8507
8510
8514
8515
8516
8519
8522
85235
85236
8530
85302
8531
85315
85316
85318
85319
8532
85329
8534
8535
85352
85358
85359
8536
85360
85376
85377
85395
85407
85409
8541
85415
85416
8543
85442
85444
85445
85446
85449
85450
85455
8546
85461
85462
85463
85477
85478
8549
85495
85508
8553
8554
8556
85569
8557
857
8570
8577
8578
858
8587
860
8601
8604
8608
8609
861
8611
8612
8613
8614
8615
8618
862
8622
8623
8626
8629
863
8633
8639
8642
8643
8645
8651
8654
8660
8671
8673
868
8681
8682
869
8693
87
8701
8706
8710
8715
8717
8724
8727
8728
8736
8737
8739
874
8741
8742
8743
8744
8745
875
8751
8754
8763
8771
8773
8787
8788
8790
8792
8793
8794
8795
8797
8798
8799
88
8803
8805
8814
8817
8818
8819
8820
8821
8822
8825
8826
8828
8829
8831
8835
8842
88455
8850
8851
8854
8857
8859
886
8862
8864
8869
887
8870
8871
88745
8877
8894
89
8900
8906
8907
8910
8911
8912
8913
8914
8915
8916
8926
8927
8928
8933
8935
8936
8938
894
8940
8941
8942
896
8968
8969
8970
8971
8972
8974
89765
89780
89792
89795
89796
89797
898
89801
89837
89838
89846
89849
8985
89853
89858
8986
89866
89876
89884
89886
89887
89891
89894
899
8991
8992
89927
89932
89944
89958
8997
90007
9001
90025
90050
90075
901
90102
90120
9013
90134
90135
90139
90161
90187
90199
9020
9021
90226
9023
9024
90249
9026
90271
90288
90293
90317
90324
90342
9037
90378
90379
90381
90390
90411
90441
9048
90488
90507
9052
90525
9053
90557
9056
90576
90594
9060
90627
90632
90634
9064
9066
90668
90673
9069
90693
90701
90736
9074
90768
90780
9079
90853
90874
9088
9091
9094
90952
90956
9096
9099
90990
90993
91010
91057
9107
9111
9112
91120
91133
91147
91156
91179
9118
9123
9124
91252
91283
91316
91319
9132
9133
91351
91355
91373
9138
9139
91404
91409
91419
9143
91442
9145
91461
9148
9149
91522
91526
9153
91544
9156
91584
91607
91608
91614
9162
91624
91646
91653
91663
91664
9168
91683
91689
91695
9170
91752
91754
91768
9180
9182
91851
9188
91947
9196
91966
91975
92
9200
92002
9201
92017
9203
9208
92104
92106
9211
9212
9213
92140
9215
92154
92162
92196
9220
92211
92241
9227
92270
9228
92285
9229
92291
92292
92293
92312
9235
92359
9236
92369
92370
9241
9244
9248
9249
9252
9254
92558
9256
9258
92595
9263
92659
92675
92689
92691
9270
92737
92749
9276
9278
928
92815
9282
9284
92840
9289
92912
92922
9294
92949
92973
92979
92999
93
93010
9302
93058
9308
93099
931
93109
9311
9312
9314
93145
9315
9317
93210
9324
9325
93273
9331
93323
93349
9338
9341
93474
9350
9353
9355
93550
93589
93594
9363
93643
93649
93655
93663
93664
9369
9378
9379
9383
9388
9394
9398
93986
9399
94
9400
94009
9401
94015
94025
94030
94031
94097
94104
9411
94120
94121
94122
9413
9414
9420
9421
9423
9424
9427
94274
9429
943
9435
9444
9445
9446
9447
9450
9452
9455
9456
9466
9468
947
9472
9479
9480
9481
9486
949
9497
95
950
9502
9508
951
9510
9515
9518
9521
9528
9531
9532
9534
9537
9540
9541
9543
9545
9546
9547
955
9553
9554
9555
956
9564
9567
9569
9573
9576
9577
958
9580
9582
9585
9586
9590
960
9601
9603
961
9610
9619
9620
9625
9627
9628
9630
9633
9636
9637
9638
9641
9644
9645
9646
9647
9648
9649
965
9651
9654
9656
9657
9658
9659
966
96626
967
9671
9672
9674
9675
9679
9684
9687
9689
9695
9696
9697
9699
9700
9704
9705
9708
9709
9715
9718
972
9721
9722
9723
9726
9727
9729
9732
9734
9735
9737
9739
9741
9742
9743
9745
9746
9748
9749
9750
9751
9752
9754
9757
9759
9760
9762
9764
9766
977
9770
9772
978
9780
9781
9783
9787
9788
9794
9796
9806
9808
9811
9814
9823
9825
9829
9832
9839
9843
9844
9846
9848
9849
9858
9859
9861
9863
9865
9871
9873
9880
9881
9884
9886
9890
9891
9892
9894
990
9901
9902
9909
9910
9911
9912
9915
9918
9920
9924
9925
9926
993
9933
9934
9935
9938
994
9940
9942
9945
9947
9948
995
9951
9953
9955
9957
9958
9961
9965
9976
9984
9986
999
9994
9997
NR_074082
