26827
338427
4681
100528018
100526831
552900
100310812
4071
8293
100529240
645520
641702
27123
51442
100528016
121506
100529215
1393
497190
286380
6424
50508
144347
100996928
100528021
4070
26280
401509
728936
85376
27063
5155
11023
64123
8862
7849
1003
7099
388585
541471
8549
51301
301
2567
2119
2290
5744
1848
758
8633
23544
256691
9355
53358
2354
3759
51673
7980
1301
25928
4879
2353
3486
64579
7145
114905
4803
138715
29126
7425
100507244
55553
2006
133
4921
7200
126917
5734
8553
2173
115701
1280
27255
3489
10587
2118
1465
6696
51050
8870
83988
1295
348938
55220
2637
6546
81848
2122
112597
4050
26585
11343
3428
80274
56892
10863
6495
7479
4990
375033
51314
9547
2012
1490
22915
2847
5101
59269
2016
81849
2113
58524
857
8787
4843
63950
80816
93649
10186
54769
56114
1839
7139
10253
151887
6591
375719
399959
1290
11318
1602
9935
125704
5328
3801
4881
1750
4616
2810
302
1630
55885
5081
688
79642
283120
1009
23213
6303
2253
100526693
9211
347902
54756
7035
10769
10742
5583
399
6876
205
5054
286297
2348
3491
340120
57822
306
23158
658
23462
5159
633
23550
2674
65266
27233
28514
158401
55194
8470
2791
11135
170689
63951
4005
9241
2890
100532736
10252
26509
1404
5144
6781
1969
255082
414236
590
1004
51760
9651
2070
115908
24
131034
143282
1960
100529239
148170
7010
100431172
10178
84159
23034
1008
57480
57597
596
84795
2977
2028
55083
4804
84251
144165
3164
8821
84457
100302736
4739
168090
9021
340526
1747
7262
84913
1893
5142
9750
6935
51330
220323
55079
57801
4254
84570
23371
151354
8061
4052
161253
10391
100526833
3956
3400
9619
5799
114798
720
56256
9413
11217
4313
53834
8510
7704
10110
4753
1846
11075
57451
8291
653489
57574
6695
79940
266971
6282
441282
653
29919
57526
2827
10602
320
7127
6586
6004
3936
1847
56999
225689
170302
1303
196475
1749
2970
64859
3726
4094
147040
2983
100526836
5413
1958
9411
2254
84623
25841
2318
6769
144195
54843
6035
7057
59284
3875
57124
5325
25878
5315
10581
11167
90161
57211
84171
23406
54898
3707
5099
10150
1837
50487
2898
55106
2004
8507
51196
6513
81029
814
4811
8601
2201
5797
57639
84815
7538
130132
93273
728066
91663
9586
100630923
3675
51400
11031
6515
23769
1466
59277
90271
1513
1363
64285
100533955
9289
11122
5582
1950
6383
11013
23043
487
81831
1277
50937
5163
7040
10743
4232
1012
3679
1827
55304
6505
2869
83648
23127
5621
100505385
64411
57493
51232
3693
51421
136227
3358
2355
404093
4851
9026
162963
558
221184
785
90139
6744
57636
24138
23129
800
10371
5998
2202
284207
2258
11244
390
23705
154141
541565
23345
1756
81794
22822
284040
57595
5764
197021
146760
4162
23461
30812
29114
26137
23768
28951
2027
4045
23052
4741
120114
55691
3688
6560
27092
11177
84441
3685
57568
1768
387597
130733
4664
1906
134429
4130
2719
3856
3418
9737
100505967
63976
7357
8682
442213
153830
2045
80854
7025
57596
2934
6237
8204
3572
132299
3988
55876
100129792
728392
6281
3488
1264
349136
10783
2550
28968
8490
389
152007
727851
79625
5980
9555
90993
9353
79710
1364
84218
55859
9388
333
9708
54596
100288332
9541
4211
9497
10217
4133
7832
728404
6662
7837
2913
51360
22807
57863
339318
23336
89876
23221
744
84063
6678
56998
80059
3485
79567
11117
340596
100873748
8363
283106
728689
6218
100526830
100526737
100286793
6818
5343
100527943
340784
9421
653659
100528031
647476
653501
63915
3158
653404
84953
4604
3213
2903
2297
22943
389058
2203
440925
27023
677772
347694
337
167826
64180
3199
3219
6900
4825
553158
55504
5480
124925
7450
120237
165186
5076
5999
4004
50624
100133161
220382
9228
7471
63923
9965
7781
100287428
340419
9302
100873945
10842
4585
246182
89884
79858
58
4915
79192
153469
100128750
60675
7784
387914
1618
4908
81578
1281
7547
776
390992
387763
9671
147495
5457
117156
441495
1592
84152
54361
1803
2735
91461
5053
285401
26011
4940
9227
440804
112399
525
55289
7480
10265
84466
337873
79746
153571
56944
286183
5100
84929
148281
10468
56341
56751
40
4009
150209
2904
55816
4919
9645
51761
89932
8739
1543
55568
64094
687
23114
117245
92211
654835
5453
8828
5138
64211
6456
100499484
346689
6337
113802
8742
9480
7113
10439
150368
4986
316
170961
23228
54437
120071
3249
781
375323
5104
79953
55843
129293
5396
80139
133522
27231
167127
23255
2571
84439
200030
170850
348
100303491
150
51704
7447
54997
1365
84680
7058
3751
79094
10586
653604
1809
137970
79805
386627
3768
5507
56675
9832
3790
158228
55855
285025
25939
79857
55337
677777
400451
9796
79191
2775
51046
8038
7373
221002
489
6329
647024
285962
79784
8341
112703
1804
5292
64409
8928
5579
1007
3595
10553
862
8324
5992
132625
4832
79852
64761
794
8462
84891
374378
114784
5800
6641
887
134111
6335
91947
3352
5420
162494
58480
400793
23242
5696
100292680
84691
8350
11145
23533
54894
153572
83729
8294
338645
55799
90249
1305
341
51268
5336
22901
29785
57221
9863
56920
9229
55316
63978
84327
29907
4885
8618
728591
112464
1307
145258
220108
79669
6331
8313
56963
774
79633
26053
25894
7090
3798
9633
5156
57685
5979
114795
7223
130951
127703
6890
8370
554313
221806
388
333932
126961
66004
9099
6080
2139
25891
6656
9839
650
317772
4613
5625
152
8825
166824
57048
145270
57540
136853
503569
51285
79792
92815
57758
8362
8357
197257
26040
9532
93145
55852
2114
27237
3676
23338
79875
85415
6023
11061
51339
3780
84174
6542
283897
9124
10382
445
80070
54857
100885779
4128
10346
6262
26232
6585
146433
55954
10654
124997
80144
1143
5015
7088
29763
57134
27133
284076
23401
6092
219699
389549
8359
26045
3398
116328
8366
3171
57687
121504
100529261
2043
3655
3306
51129
84858
723790
8337
400916
604
118427
26267
4935
26768
100505817
5106
2040
100529207
8361
393
23199
4643
5069
790952
24147
51087
126295
2263
81890
100534012
642423
444
54913
56165
83959
85495
6653
3781
11166
11141
145624
7060
150726
8805
5588
79072
400961
54845
127343
64221
56967
23779
202020
255738
2596
388015
23024
8968
57576
7227
29118
27164
54796
92285
388630
8343
5837
64757
84856
4145
10588
171425
8614
10123
399726
154860
51104
6235
100131827
5013
618
55794
85027
441273
148523
26512
1515
374946
342184
55366
8532
55747
55179
8927
339983
4810
