Pos      	Q0       	Q1       	Q2       	Q3       	Q4       	Q5       	Q6       	Q7       	Q8       	Q9       	Q10      	Q11      	Q12      	Q13      	Q14      	Q15      	Q16      	Q17      	Q18      	Q19      	Q20      	Q21      	Q22      	Q23      	Q24      	Q25      	Q26      	Q27      	Q28      	Q29      	Q30      	Q31      	Q32      	Q33      	Q34      	Q35      	Q36      	Q37      	Q38      	Q39      	Q40      	Q41      	Mean	Median	Lower quartile	Upper quartile	10thpercentile	90thpercentile
1        	2231     	503      	1471     	3006     	5148     	8636     	13591    	18808    	22672    	28140    	36392    	46426    	58949    	78352    	93705    	108623   	127152   	150813   	179987   	215123   	245873   	283051   	325834   	375658   	432538   	498286   	575004   	664652   	770645   	898674   	1049771  	1232601  	1451987  	1708406  	2007324  	2337782  	2675752  	2977652  	3140316  	3034976  	4782785  	0        	33.87    	36.00    	31.00    	38.00    	25.00    	40.00    
2        	421      	269      	812      	1545     	2673     	4366     	6318     	9345     	13207    	18885    	26436    	36124    	48026    	65890    	82397    	100346   	122032   	147625   	182605   	221365   	260068   	303178   	354455   	411408   	476094   	551781   	633447   	729879   	838329   	962145   	1104867  	1268309  	1456720  	1668994  	1912251  	2184659  	2469408  	2736591  	2921928  	2929188  	5404909  	0        	33.85    	36.00    	31.00    	39.00    	25.00    	40.00    
3        	47171    	1583     	2567     	2645     	3003     	4280     	6062     	8500     	11843    	16021    	22397    	30254    	40463    	56371    	71754    	88392    	108643   	134659   	167618   	206629   	246169   	290879   	343049   	402227   	471940   	549148   	636749   	736130   	850186   	977814   	1126708  	1292763  	1486236  	1705571  	1949221  	2214515  	2487819  	2726433  	2876672  	2853321  	5414890  	0        	33.86    	36.00    	31.00    	39.00    	25.00    	40.00    
4        	218      	147      	445      	824      	1434     	2547     	4117     	6509     	9354     	13712    	20000    	28296    	38661    	54418    	69834    	87576    	108988   	134607   	170630   	212065   	251688   	299886   	355431   	417134   	488371   	569459   	657851   	760057   	876783   	1008269  	1153589  	1321019  	1507465  	1718948  	1948359  	2194006  	2442045  	2658814  	2798327  	2789964  	5487448  	0        	33.85    	35.00    	31.00    	39.00    	25.00    	40.00    
5        	266      	99       	323      	619      	1169     	2103     	3406     	5441     	8203     	12043    	17726    	25430    	35436    	50076    	64644    	82213    	105037   	132095   	168087   	210241   	252603   	302465   	359569   	424347   	499021   	582733   	676474   	780764   	900234   	1036427  	1185981  	1355233  	1547337  	1761247  	1992587  	2241578  	2485652  	2687412  	2801795  	2749104  	5122075  	0        	33.77    	35.00    	31.00    	38.00    	25.00    	40.00    
6        	179      	101      	233      	526      	980      	1756     	2946     	4640     	7142     	10920    	16062    	23798    	33024    	46852    	62078    	80162    	101904   	129613   	166175   	208075   	250800   	303114   	359783   	427057   	503087   	588145   	684268   	792835   	911518   	1047853  	1198477  	1363120  	1549527  	1752611  	1971883  	2201971  	2432578  	2628038  	2753166  	2734282  	5318016  	0        	33.79    	35.00    	31.00    	38.00    	25.00    	40.00    
7        	6210     	494      	1075     	1444     	1926     	2812     	4238     	6216     	8261     	11442    	16079    	22979    	31803    	45454    	59410    	76680    	98033    	125018   	160525   	202815   	245554   	296117   	354343   	418501   	494187   	580224   	674614   	783729   	905091   	1038263  	1189126  	1356109  	1542652  	1748896  	1972524  	2208801  	2448279  	2660426  	2791873  	2786177  	5290895  	0        	33.83    	35.00    	31.00    	38.00    	25.00    	40.00    
8        	85       	94       	230      	515      	941      	1691     	2730     	4481     	6640     	10231    	15370    	22362    	31612    	44899    	59140    	77252    	99622    	126050   	163106   	207084   	250438   	302974   	363286   	432611   	507255   	595533   	694890   	803342   	922718   	1055637  	1203782  	1366495  	1543713  	1736358  	1950284  	2167506  	2382947  	2576959  	2704301  	2709222  	5524909  	0        	33.81    	35.00    	31.00    	39.00    	25.00    	40.00    
9        	18133    	3777     	5623     	5586     	5060     	5110     	5511     	6795     	8892     	12381    	17786    	25177    	34657    	50461    	66491    	84211    	108068   	136330   	172798   	217712   	263363   	316251   	376853   	446209   	522934   	610990   	707885   	816483   	936086   	1065669  	1208888  	1367843  	1537321  	1725844  	1923850  	2129612  	2328963  	2510701  	2629110  	2638820  	5615061  	0        	33.67    	35.00    	30.00    	39.00    	25.00    	40.00    
10       	3900     	77       	231      	486      	1301     	3514     	5094     	6542     	8420     	11783    	16769    	23966    	33751    	48217    	63935    	82812    	105308   	134671   	172685   	219065   	265103   	318669   	378865   	448955   	526778   	613123   	711369   	818530   	936913   	1070038  	1212563  	1371005  	1542000  	1730938  	1930248  	2137380  	2345162  	2525642  	2639658  	2638261  	5565568  	0        	33.70    	35.00    	30.00    	39.00    	25.00    	40.00    
11       	2651     	104      	335      	659      	1195     	2138     	3543     	5364     	8258     	12104    	18388    	26357    	36855    	51055    	67377    	87563    	112106   	142486   	181486   	229368   	276806   	332874   	396803   	467670   	548005   	637153   	736461   	846105   	965120   	1096839  	1238512  	1393329  	1562891  	1742454  	1934357  	2128462  	2316401  	2475726  	2573100  	2555405  	5455430  	0        	33.57    	35.00    	30.00    	38.00    	25.00    	40.00    
12       	101      	67       	288      	520      	976      	1795     	2974     	4728     	7117     	10798    	16177    	23363    	33268    	46997    	62684    	81213    	104831   	135383   	172345   	219944   	268608   	322711   	386517   	458508   	539816   	629536   	730565   	841855   	962054   	1091956  	1238151  	1390947  	1562984  	1744124  	1934661  	2135479  	2326175  	2495116  	2599626  	2591317  	5493020  	0        	33.65    	35.00    	30.00    	38.00    	25.00    	40.00    
13       	211750   	556      	1316     	2012     	2746     	3721     	5013     	6708     	9252     	13248    	19049    	27067    	37159    	54012    	71226    	90687    	115021   	145561   	185366   	232432   	278936   	335798   	398195   	471987   	550881   	639619   	738505   	844764   	961918   	1091235  	1226562  	1379796  	1539870  	1711711  	1895651  	2082808  	2267543  	2424624  	2525009  	2521400  	5548581  	0        	33.32    	35.00    	30.00    	38.00    	24.00    	40.00    
14       	134      	111      	293      	566      	1091     	2030     	3263     	5237     	8048     	12003    	17795    	25640    	36152    	51575    	68117    	87847    	112913   	144290   	184168   	232168   	282139   	337536   	403196   	475811   	559035   	649997   	748259   	858254   	980563   	1107510  	1250623  	1405778  	1570521  	1746808  	1934668  	2123376  	2306682  	2457413  	2544030  	2526213  	5407442  	0        	33.52    	35.00    	30.00    	38.00    	25.00    	40.00    
15       	98       	86       	264      	518      	999      	1930     	3226     	4832     	7574     	11476    	16983    	24823    	35008    	49777    	65829    	85628    	111256   	142173   	181855   	230336   	278791   	337196   	403479   	475967   	559392   	650598   	752053   	864012   	985001   	1115059  	1260138  	1409557  	1573980  	1749356  	1933014  	2117132  	2295216  	2444416  	2536559  	2515390  	5438318  	0        	33.53    	35.00    	30.00    	38.00    	25.00    	40.00    
16       	67       	90       	294      	589      	1123     	1988     	3330     	5272     	8103     	11848    	17814    	25662    	35824    	50732    	67482    	87464    	112512   	144028   	183766   	233025   	282497   	340164   	406996   	481227   	564234   	655879   	758486   	868169   	991863   	1122486  	1266059  	1418977  	1584130  	1756643  	1945050  	2129168  	2305392  	2450248  	2526253  	2496243  	5328118  	0        	33.48    	35.00    	30.00    	38.00    	25.00    	40.00    
17       	119      	110      	324      	635      	1170     	2212     	3681     	5811     	8585     	12797    	19105    	27051    	38372    	54221    	71330    	92033    	118140   	150147   	190552   	240500   	291527   	350180   	415911   	491587   	573920   	666057   	769011   	880735   	1000625  	1131603  	1271704  	1424471  	1587284  	1759918  	1940571  	2118259  	2287169  	2424009  	2491922  	2458886  	5297051  	0        	33.40    	35.00    	30.00    	38.00    	25.00    	40.00    
18       	98       	129      	368      	761      	1332     	2434     	3980     	6297     	9437     	13859    	20364    	29418    	41020    	56919    	75354    	96823    	123487   	156245   	197982   	248391   	299890   	359621   	425724   	501053   	585626   	677626   	777305   	888441   	1008288  	1138306  	1273824  	1426166  	1582013  	1747145  	1917550  	2088735  	2252034  	2381939  	2456953  	2432019  	5364339  	0        	33.34    	35.00    	30.00    	38.00    	25.00    	40.00    
19       	109      	125      	335      	673      	1264     	2422     	3842     	6102     	9239     	13719    	19853    	28435    	39715    	55852    	73828    	94952    	122022   	154718   	196627   	246354   	298612   	356604   	423492   	499456   	582229   	677387   	779388   	889083   	1009156  	1141047  	1280167  	1430786  	1589005  	1753045  	1929856  	2097384  	2256089  	2386643  	2455916  	2424295  	5339469  	0        	33.35    	35.00    	30.00    	38.00    	25.00    	40.00    
20       	191275   	570      	1203     	1673     	2266     	3457     	5324     	7535     	11051    	15712    	22675    	31732    	44254    	63064    	82731    	103864   	131807   	165182   	207531   	258276   	309386   	368194   	434962   	509221   	591546   	684491   	783888   	891457   	1012278  	1139004  	1275946  	1422824  	1576440  	1737281  	1909894  	2072311  	2223990  	2347162  	2398865  	2355940  	5273033  	0        	33.04    	35.00    	30.00    	38.00    	24.00    	40.00    
21       	81       	145      	395      	847      	1538     	2806     	4360     	6875     	10438    	14821    	21750    	31131    	43209    	60342    	79482    	101307   	129378   	161412   	204521   	255581   	306739   	367479   	433223   	509601   	594805   	688202   	789934   	901495   	1018358  	1148365  	1288522  	1436900  	1597229  	1761167  	1930727  	2098551  	2252623  	2371474  	2427046  	2382107  	5234329  	0        	33.25    	35.00    	30.00    	38.00    	24.00    	40.00    
22       	17031    	384      	957      	1538     	2373     	3724     	5569     	8181     	11879    	17055    	24706    	34372    	46958    	67965    	88063    	110836   	139147   	174365   	218309   	270740   	323178   	383031   	450419   	525968   	608674   	701304   	800828   	909892   	1026578  	1153570  	1291177  	1434503  	1586789  	1748223  	1914535  	2074853  	2224930  	2333916  	2381504  	2332601  	5218670  	0        	33.12    	35.00    	30.00    	38.00    	24.00    	40.00    
23       	2373     	621      	1265     	2059     	2962     	4374     	6634     	9549     	13502    	19256    	27196    	38058    	51640    	70633    	91492    	115065   	144662   	179771   	224240   	277028   	331436   	391385   	458992   	535303   	619911   	711416   	812051   	921996   	1037326  	1165304  	1299639  	1441123  	1590417  	1746512  	1904259  	2060028  	2196923  	2301186  	2348663  	2300202  	5212843  	0        	33.05    	35.00    	29.00    	38.00    	24.00    	40.00    
24       	118      	206      	598      	1197     	2020     	3916     	6159     	9437     	13733    	19619    	27811    	38986    	52369    	72370    	93620    	117111   	145797   	181962   	227048   	280369   	333238   	392116   	460701   	538279   	622002   	714147   	814795   	925744   	1042444  	1170493  	1308548  	1447897  	1600423  	1758878  	1917168  	2071478  	2209873  	2309465  	2348809  	2287403  	5100948  	0        	33.02    	34.00    	29.00    	38.00    	24.00    	40.00    
25       	121      	222      	615      	1367     	2383     	4375     	6792     	10207    	15006    	21042    	29984    	41408    	56204    	76375    	96968    	121802   	151415   	188061   	232431   	286252   	340287   	399909   	469098   	543771   	628031   	721432   	819608   	929015   	1044507  	1167593  	1301817  	1442294  	1590863  	1744625  	1899982  	2050558  	2181590  	2285395  	2326087  	2275111  	5164692  	0        	32.98    	34.00    	29.00    	38.00    	24.00    	40.00    
26       	283      	465      	1318     	2647     	4651     	7998     	12086    	17275    	24005    	31935    	41667    	54652    	69550    	93619    	113887   	136508   	164654   	197918   	237503   	283865   	337101   	398468   	466417   	542527   	625701   	719610   	819610   	930187   	1046417  	1173042  	1307842  	1448293  	1596751  	1752508  	1907617  	2053109  	2185913  	2276639  	2308373  	2242360  	5034324  	0        	32.84    	34.00    	29.00    	38.00    	24.00    	40.00    
27       	440      	517      	1501     	2968     	5240     	9115     	13556    	19291    	25936    	34785    	45470    	58574    	74407    	98879    	120580   	143935   	171769   	205726   	246224   	292318   	346915   	407647   	473905   	552660   	634717   	726560   	824177   	933533   	1048351  	1170650  	1306430  	1442426  	1589380  	1737957  	1888709  	2036163  	2158519  	2247694  	2280442  	2221909  	5069320  	0        	32.77    	34.00    	29.00    	38.00    	23.00    	40.00    
28       	277      	592      	1718     	3299     	5692     	9965     	14748    	20868    	28331    	37146    	48335    	62122    	78792    	103911   	125739   	149159   	177792   	211792   	253233   	299938   	353935   	412889   	481875   	559208   	642897   	734262   	833983   	944236   	1057418  	1181709  	1314393  	1452036  	1596714  	1745437  	1894667  	2034700  	2155832  	2240277  	2258678  	2180274  	4960426  	0        	32.68    	34.00    	29.00    	38.00    	23.00    	40.00    
29       	335      	677      	1806     	3446     	6180     	10593    	16105    	22332    	30217    	40011    	51411    	65802    	82656    	109734   	131148   	154979   	184111   	218707   	259554   	306448   	359599   	420236   	488783   	565085   	647768   	736812   	836199   	942863   	1056549  	1178715  	1309230  	1444448  	1587236  	1731985  	1877708  	2016582  	2133722  	2214934  	2235249  	2165897  	5023443  	0        	32.63    	34.00    	29.00    	38.00    	23.00    	40.00    
30       	44137    	963      	2397     	4641     	7706     	12529    	17920    	24423    	32542    	42660    	54121    	68196    	84910    	114091   	137417   	160770   	190415   	224904   	265142   	312662   	365517   	426626   	494885   	569865   	654563   	746558   	842207   	951240   	1065370  	1189394  	1317703  	1454182  	1595046  	1735163  	1879613  	2009389  	2121014  	2199403  	2206698  	2128647  	4913666  	0        	32.50    	34.00    	29.00    	38.00    	23.00    	40.00    
31       	280      	707      	1954     	4088     	6936     	11933    	17778    	24742    	33308    	43918    	56247    	71694    	89880    	117213   	140216   	165163   	194665   	230540   	271284   	319194   	374719   	436204   	504483   	579978   	665069   	757430   	855381   	961190   	1077276  	1199145  	1327195  	1464239  	1604829  	1744359  	1885899  	2009436  	2114203  	2177953  	2180302  	2091870  	4856395  	0        	32.46    	34.00    	29.00    	38.00    	23.00    	40.00    
32       	9654     	1969     	4227     	6726     	10171    	15156    	21061    	27957    	36858    	47815    	60636    	76751    	94769    	125958   	150763   	175273   	204221   	240401   	282176   	329654   	384084   	446202   	513955   	590702   	673468   	761739   	860169   	964925   	1079609  	1197292  	1326203  	1458739  	1593976  	1730886  	1867378  	1990361  	2093144  	2151359  	2146023  	2056533  	4860352  	0        	32.35    	34.00    	28.00    	38.00    	23.00    	40.00    
33       	358      	901      	2454     	4768     	8476     	14047    	21208    	29067    	38465    	49591    	64148    	79937    	98908    	129779   	154756   	179065   	209844   	244334   	286505   	334257   	388790   	450531   	518910   	593722   	675936   	767312   	865519   	970419   	1082681  	1202551  	1326587  	1458012  	1594261  	1732393  	1864270  	1986728  	2084129  	2144346  	2138340  	2050915  	4822075  	0        	32.31    	34.00    	28.00    	38.00    	22.00    	40.00    
34       	386      	951      	2720     	5265     	9256     	15664    	22884    	31791    	41356    	53809    	68272    	85627    	105541   	135914   	161686   	187163   	218341   	253843   	297203   	345960   	402075   	462818   	532022   	608514   	692620   	782075   	880505   	985851   	1096683  	1215641  	1338580  	1469715  	1601499  	1734807  	1858645  	1973302  	2064484  	2106506  	2092339  	1997163  	4729819  	0        	32.18    	34.00    	28.00    	38.00    	22.00    	40.00    
35       	456      	1034     	2704     	5250     	8953     	15212    	22923    	31344    	41731    	53621    	68762    	84904    	105126   	135977   	160699   	186395   	216729   	252668   	296975   	345118   	398914   	461701   	529894   	605713   	690087   	781267   	878539   	984452   	1095807  	1215505  	1341715  	1467283  	1603625  	1733938  	1862964  	1977781  	2067456  	2114771  	2101990  	2002459  	4716853  	0        	32.19    	34.00    	28.00    	38.00    	22.00    	40.00    
36       	469      	1165     	3118     	6162     	10480    	17618    	25891    	35635    	46911    	60130    	76127    	93770    	114677   	148202   	174886   	200358   	231627   	268613   	311971   	361748   	416826   	479394   	548029   	623236   	707560   	795878   	892696   	996957   	1108115  	1220329  	1342062  	1467606  	1593020  	1718844  	1839475  	1943550  	2026742  	2068968  	2047094  	1957088  	4686268  	0        	32.02    	34.00    	28.00    	38.00    	22.00    	40.00    
37       	53956    	1973     	4581     	7826     	12329    	19364    	27720    	36917    	48258    	61413    	77147    	94916    	116357   	150610   	177819   	203376   	235320   	272255   	316059   	364545   	420480   	483585   	552360   	628408   	711683   	801626   	899843   	1001908  	1112977  	1230722  	1354170  	1477388  	1603860  	1726232  	1842084  	1948073  	2021706  	2051260  	2020284  	1913249  	4584656  	0        	31.89    	34.00    	28.00    	38.00    	22.00    	40.00    
38       	627      	1478     	3729     	6885     	11902    	20224    	29676    	40477    	52535    	66840    	83559    	103118   	124880   	160391   	188277   	214989   	247303   	284547   	327462   	377878   	434433   	496767   	566863   	641184   	723975   	812557   	910263   	1013766  	1120368  	1235801  	1353164  	1476044  	1597704  	1717195  	1834932  	1928213  	1994820  	2023961  	1988843  	1881529  	4570136  	0        	31.83    	33.00    	28.00    	38.00    	21.00    	40.00    
39       	566      	1503     	3746     	7353     	12895    	21709    	31357    	42945    	55305    	70818    	87748    	107632   	130731   	167162   	195110   	222479   	255999   	293125   	337919   	388528   	444253   	508506   	577303   	651311   	734833   	824807   	918922   	1021123  	1130711  	1239416  	1356050  	1477676  	1595436  	1715679  	1824752  	1913894  	1978081  	1997107  	1959709  	1848867  	4516229  	0        	31.72    	33.00    	28.00    	38.00    	21.00    	40.00    
40       	1081     	1511     	3912     	7850     	13373    	22599    	32913    	44466    	58222    	74207    	91950    	112283   	135437   	173290   	202965   	229066   	262937   	300768   	345904   	396410   	452748   	517300   	586282   	662736   	742124   	833777   	926592   	1030055  	1132773  	1246094  	1358705  	1476439  	1589786  	1703078  	1806298  	1893253  	1950856  	1969261  	1928751  	1819785  	4531458  	0        	31.64    	33.00    	27.00    	38.00    	21.00    	40.00    
41       	738      	1602     	4075     	7945     	13827    	23385    	33919    	46369    	59846    	75151    	94248    	114731   	138005   	177318   	205579   	233515   	265922   	304979   	350442   	400381   	458130   	522787   	591414   	667085   	751439   	840898   	934890   	1036188  	1141925  	1252168  	1368178  	1484247  	1599596  	1707902  	1808789  	1888132  	1942632  	1956554  	1908551  	1796527  	4459286  	0        	31.57    	33.00    	27.00    	37.00    	21.00    	40.00    
42       	64966    	2046     	5262     	9817     	16277    	26916    	39047    	51964    	66529    	84040    	103087   	123515   	146731   	189059   	218864   	246772   	281240   	318728   	364213   	415154   	472308   	534587   	602061   	677061   	758028   	843164   	938925   	1037307  	1140057  	1249680  	1358480  	1470686  	1581542  	1688512  	1782991  	1864442  	1910124  	1919943  	1870468  	1760062  	4434640  	0        	31.36    	33.00    	27.00    	37.00    	21.00    	40.00    
43       	132281   	2662     	6240     	11508    	18136    	29490    	41313    	54014    	69097    	85888    	105300   	126680   	150666   	192588   	223652   	251396   	284952   	323462   	368482   	419538   	477361   	539088   	608630   	682996   	764556   	852070   	946428   	1043322  	1145380  	1253625  	1360954  	1473588  	1580332  	1682395  	1773016  	1844193  	1885574  	1890182  	1836410  	1720058  	4411792  	0        	31.22    	33.00    	27.00    	37.00    	20.00    	40.00    
44       	769      	1906     	4988     	9793     	16647    	28372    	41061    	55093    	70927    	89656    	109638   	133137   	157774   	201699   	233993   	261464   	295268   	334810   	379653   	432744   	489471   	552696   	621435   	697930   	778469   	865383   	957510   	1056348  	1156051  	1262834  	1369899  	1476762  	1578469  	1678520  	1764477  	1833024  	1871898  	1872853  	1818746  	1702811  	4404317  	0        	31.26    	33.00    	27.00    	37.00    	20.00    	40.00    
45       	894      	2147     	5807     	10681    	18619    	30866    	44643    	60041    	76892    	95975    	117245   	141396   	167379   	210905   	243803   	272423   	306067   	347004   	392650   	444382   	501177   	565881   	635134   	708699   	792354   	876135   	968367   	1065012  	1165369  	1265018  	1369562  	1474579  	1577698  	1667865  	1748148  	1810270  	1842805  	1838331  	1780601  	1667976  	4358495  	0        	31.12    	33.00    	27.00    	37.00    	20.00    	40.00    
46       	774      	2041     	5440     	10881    	18173    	31038    	45219    	61061    	78657    	97735    	120102   	144125   	170592   	215668   	249302   	277694   	311679   	351138   	397946   	448985   	508766   	570916   	640685   	715890   	797754   	882430   	973420   	1071168  	1168362  	1272774  	1374743  	1479185  	1578452  	1673554  	1752466  	1808969  	1837134  	1826955  	1763922  	1645357  	4288143  	0        	31.05    	33.00    	27.00    	37.00    	20.00    	40.00    
47       	4769     	2304     	6169     	11536    	19671    	33285    	48395    	65041    	83237    	103104   	125963   	149419   	177504   	224801   	258798   	286660   	321137   	360900   	407549   	458262   	516825   	577969   	649023   	723111   	804156   	890322   	980309   	1075378  	1175213  	1275055  	1376708  	1478975  	1575531  	1663384  	1741542  	1792428  	1817610  	1800617  	1736495  	1615521  	4254619  	0        	30.94    	33.00    	26.00    	37.00    	20.00    	40.00    
48       	47747    	2433     	6526     	12257    	20918    	34920    	50246    	67289    	85468    	106828   	129715   	155604   	182612   	232638   	266137   	295809   	330653   	371335   	416896   	470151   	524625   	590044   	659024   	732396   	814331   	897279   	986491   	1079486  	1175178  	1274636  	1372413  	1468391  	1560928  	1645069  	1716633  	1770386  	1787842  	1774190  	1708658  	1592455  	4252658  	0        	30.81    	32.00    	26.00    	37.00    	19.00    	40.00    
49       	2883     	2193     	6277     	12028    	20650    	34847    	50666    	67509    	86633    	108181   	131402   	157764   	185580   	234517   	268755   	296873   	332716   	372522   	418941   	470280   	529165   	591553   	661353   	734996   	815962   	901337   	990892   	1083523  	1179366  	1276973  	1377855  	1472519  	1566506  	1650241  	1719711  	1770354  	1790011  	1772564  	1704021  	1587258  	4231918  	0        	30.83    	32.00    	26.00    	37.00    	20.00    	40.00    
50       	924      	2313     	6573     	12906    	22154    	37313    	54215    	72452    	92840    	115146   	140189   	168534   	197168   	249196   	284904   	315236   	349710   	392080   	440091   	491773   	551718   	616958   	686981   	762640   	844457   	929530   	1019966  	1113538  	1208337  	1302380  	1398353  	1492487  	1573718  	1647976  	1703351  	1734603  	1739788  	1709212  	1638910  	1521441  	4027234  	0        	30.57    	32.00    	26.00    	37.00    	19.00    	40.00    
Clean Quality Value Distribute
Pos      	Q0       	Q1       	Q2       	Q3       	Q4       	Q5       	Q6       	Q7       	Q8       	Q9       	Q10      	Q11      	Q12      	Q13      	Q14      	Q15      	Q16      	Q17      	Q18      	Q19      	Q20      	Q21      	Q22      	Q23      	Q24      	Q25      	Q26      	Q27      	Q28      	Q29      	Q30      	Q31      	Q32      	Q33      	Q34      	Q35      	Q36      	Q37      	Q38      	Q39      	Q40      	Q41      	Mean	Median	Lower quartile	Upper quartile	10thpercentile	90thpercentile
1        	2228     	503      	1471     	3006     	5147     	8636     	13590    	18806    	22671    	28138    	36390    	46423    	58945    	78347    	93695    	108618   	127142   	150806   	179976   	215099   	245852   	283020   	325799   	375625   	432464   	498209   	574916   	664545   	770514   	898497   	1049543  	1232339  	1451640  	1707980  	2006810  	2337164  	2675028  	2976787  	3139446  	3033966  	4780598  	0        	33.86    	36.00    	31.00    	38.00    	25.00    	40.00    
2        	418      	269      	812      	1545     	2673     	4366     	6318     	9343     	13207    	18881    	26436    	36124    	48022    	65884    	82391    	100340   	122024   	147619   	182591   	221351   	260033   	303155   	354418   	411374   	476035   	551724   	633368   	729799   	838259   	962031   	1104722  	1268130  	1456471  	1668667  	1911886  	2184198  	2468781  	2735806  	2920960  	2928002  	5401946  	0        	33.85    	36.00    	31.00    	39.00    	25.00    	40.00    
3        	47159    	1583     	2566     	2644     	3003     	4279     	6062     	8499     	11841    	16019    	22392    	30253    	40459    	56363    	71742    	88374    	108632   	134642   	167603   	206591   	246130   	290841   	342978   	402132   	471830   	549059   	636629   	735997   	850023   	977632   	1126461  	1292501  	1485920  	1705205  	1948776  	2214011  	2487213  	2725742  	2875830  	2852414  	5412349  	0        	33.86    	36.00    	31.00    	39.00    	25.00    	40.00    
4        	217      	147      	445      	824      	1434     	2547     	4117     	6509     	9353     	13709    	19996    	28292    	38658    	54412    	69830    	87564    	108973   	134599   	170616   	212036   	251654   	299827   	355374   	417062   	488296   	569350   	657734   	759914   	876620   	1008072  	1153330  	1320734  	1507078  	1718528  	1947879  	2193409  	2441325  	2657942  	2797407  	2788938  	5485628  	0        	33.85    	35.00    	31.00    	39.00    	25.00    	40.00    
5        	263      	99       	322      	619      	1169     	2103     	3405     	5441     	8203     	12042    	17726    	25428    	35432    	50070    	64636    	82203    	105022   	132079   	168064   	210201   	252563   	302425   	359502   	424269   	498917   	582607   	676330   	780627   	900020   	1036176  	1185664  	1354874  	1546949  	1760792  	1991996  	2240887  	2484896  	2686631  	2800901  	2748272  	5120554  	0        	33.77    	35.00    	31.00    	38.00    	25.00    	40.00    
6        	178      	101      	233      	526      	977      	1756     	2944     	4640     	7140     	10914    	16061    	23790    	33014    	46844    	62056    	80142    	101877   	129586   	166133   	208028   	250743   	303042   	359701   	426949   	502949   	587994   	684107   	792623   	911256   	1047558  	1198164  	1362709  	1549133  	1752137  	1971331  	2201396  	2431903  	2627323  	2752457  	2733579  	5316385  	0        	33.79    	35.00    	31.00    	38.00    	25.00    	40.00    
7        	6202     	494      	1075     	1444     	1925     	2812     	4236     	6211     	8260     	11437    	16065    	22961    	31782    	45421    	59380    	76630    	97980    	124947   	160445   	202724   	245432   	295979   	354203   	418309   	493970   	580007   	674359   	783430   	904737   	1037912  	1188737  	1355698  	1542201  	1748402  	1972025  	2208268  	2447680  	2659814  	2791271  	2785711  	5289803  	0        	33.83    	35.00    	31.00    	38.00    	25.00    	40.00    
8        	84       	94       	230      	515      	941      	1691     	2728     	4481     	6639     	10231    	15369    	22361    	31610    	44890    	59133    	77245    	99612    	126037   	163088   	207057   	250403   	302931   	363227   	432521   	507187   	595444   	694773   	803186   	922559   	1055425  	1203562  	1366224  	1543389  	1735951  	1949822  	2166920  	2382292  	2576177  	2703449  	2708305  	5522596  	0        	33.81    	35.00    	31.00    	39.00    	25.00    	40.00    
9        	18131    	3777     	5623     	5585     	5059     	5109     	5509     	6795     	8891     	12379    	17781    	25176    	34651    	50445    	66479    	84199    	108058   	136315   	172772   	217672   	263309   	316203   	376785   	446130   	522840   	610874   	707760   	816299   	935893   	1065421  	1208624  	1367502  	1536912  	1725400  	1923330  	2128969  	2328279  	2509973  	2628347  	2637996  	5613127  	0        	33.67    	35.00    	30.00    	39.00    	25.00    	40.00    
10       	3896     	77       	231      	486      	1301     	3513     	5093     	6542     	8419     	11781    	16766    	23961    	33742    	48202    	63923    	82796    	105288   	134647   	172645   	219001   	265036   	318591   	378771   	448849   	526653   	612975   	711191   	818328   	936668   	1069748  	1212261  	1370651  	1541586  	1730458  	1929709  	2136755  	2344541  	2524875  	2638917  	2637515  	5563991  	0        	33.70    	35.00    	30.00    	39.00    	25.00    	40.00    
11       	2649     	104      	335      	659      	1195     	2138     	3543     	5364     	8258     	12103    	18386    	26355    	36852    	51048    	67366    	87546    	112087   	142456   	181449   	229326   	276742   	332813   	396727   	467579   	547870   	637060   	736305   	845929   	964919   	1096542  	1238198  	1392992  	1562491  	1742037  	1933863  	2127895  	2315729  	2475038  	2572288  	2554613  	5453530  	0        	33.57    	35.00    	30.00    	38.00    	25.00    	40.00    
12       	100      	67       	288      	520      	976      	1795     	2974     	4728     	7116     	10797    	16173    	23359    	33259    	46987    	62674    	81195    	104808   	135369   	172307   	219892   	268562   	322647   	386426   	458401   	539697   	629377   	730396   	841636   	961820   	1091634  	1237821  	1390562  	1562532  	1743657  	1934050  	2134879  	2325544  	2494341  	2598861  	2590584  	5491568  	0        	33.65    	35.00    	30.00    	38.00    	25.00    	40.00    
13       	211742   	556      	1314     	2012     	2746     	3720     	5011     	6704     	9251     	13244    	19048    	27061    	37155    	54004    	71214    	90677    	115000   	145542   	185340   	232375   	278886   	335736   	398088   	471872   	550746   	639455   	738322   	844562   	961684   	1090973  	1226256  	1379447  	1539463  	1711246  	1895097  	2082201  	2266899  	2423899  	2524235  	2520622  	5546974  	0        	33.32    	35.00    	30.00    	38.00    	24.00    	40.00    
14       	130      	111      	293      	566      	1091     	2030     	3262     	5237     	8046     	12003    	17793    	25638    	36146    	51569    	68109    	87830    	112895   	144270   	184124   	232130   	282081   	337471   	403112   	475712   	558929   	649851   	748090   	858097   	980331   	1107256  	1250287  	1405412  	1570114  	1746346  	1934108  	2122759  	2305992  	2456664  	2543247  	2525484  	5405763  	0        	33.52    	35.00    	30.00    	38.00    	25.00    	40.00    
15       	97       	86       	264      	517      	999      	1930     	3222     	4830     	7574     	11472    	16978    	24810    	34997    	49757    	65804    	85593    	111217   	142132   	181797   	230269   	278693   	337081   	403344   	475818   	559212   	650395   	751828   	863722   	984709   	1114699  	1259745  	1409142  	1573511  	1748826  	1932458  	2116542  	2294614  	2443766  	2535948  	2514822  	5437159  	0        	33.53    	35.00    	30.00    	38.00    	25.00    	40.00    
16       	64       	90       	294      	589      	1123     	1988     	3330     	5272     	8103     	11847    	17813    	25655    	35816    	50724    	67473    	87451    	112492   	144007   	183736   	232986   	282448   	340090   	406901   	481138   	564126   	655756   	758318   	867977   	991631   	1122211  	1265780  	1418625  	1583700  	1756193  	1944507  	2128556  	2304725  	2449494  	2525473  	2495457  	5326420  	0        	33.48    	35.00    	30.00    	38.00    	25.00    	40.00    
17       	119      	110      	324      	635      	1169     	2211     	3678     	5811     	8584     	12794    	19099    	27043    	38362    	54200    	71307    	92004    	118092   	150101   	190499   	240434   	291440   	350068   	415766   	491440   	573776   	665852   	768799   	880497   	1000373  	1131287  	1271363  	1424089  	1586877  	1759445  	1940061  	2117704  	2286582  	2423375  	2491262  	2458275  	5295472  	0        	33.40    	35.00    	30.00    	38.00    	25.00    	40.00    
18       	96       	129      	368      	761      	1332     	2432     	3977     	6291     	9428     	13845    	20349    	29397    	40991    	56897    	75313    	96781    	123446   	156190   	197880   	248298   	299751   	359453   	425558   	500855   	585423   	677405   	777005   	888173   	1007956  	1137953  	1273450  	1425729  	1581546  	1746646  	1917066  	2088194  	2251460  	2381423  	2456448  	2431552  	5363132  	0        	33.35    	35.00    	30.00    	38.00    	25.00    	40.00    
19       	106      	125      	335      	673      	1264     	2421     	3837     	6100     	9236     	13712    	19848    	28427    	39704    	55833    	73795    	94917    	121972   	154650   	196550   	246247   	298504   	356459   	423324   	499251   	582020   	677171   	779112   	888752   	1008776  	1140661  	1279720  	1430296  	1588497  	1752472  	1929268  	2096803  	2255467  	2386091  	2455374  	2423901  	5338708  	0        	33.35    	35.00    	30.00    	38.00    	25.00    	40.00    
20       	191240   	570      	1203     	1673     	2266     	3457     	5324     	7535     	11050    	15710    	22673    	31727    	44245    	63056    	82712    	103847   	131786   	165144   	207479   	258212   	309325   	368103   	434870   	509107   	591387   	684330   	783664   	891224   	1011968  	1138654  	1275565  	1422416  	1575937  	1736729  	1909287  	2071656  	2223265  	2346478  	2398225  	2355342  	5271938  	0        	33.04    	35.00    	30.00    	38.00    	24.00    	40.00    
21       	78       	145      	395      	846      	1538     	2804     	4358     	6871     	10433    	14818    	21745    	31119    	43195    	60322    	79462    	101279   	129344   	161371   	204460   	255508   	306652   	367357   	433100   	509447   	594630   	688018   	789717   	901231   	1018055  	1148018  	1288128  	1436472  	1596756  	1760615  	1930144  	2097911  	2251970  	2370757  	2426407  	2381584  	5233319  	0        	33.25    	35.00    	30.00    	38.00    	24.00    	40.00    
22       	17023    	384      	957      	1536     	2373     	3723     	5569     	8177     	11875    	17053    	24698    	34364    	46949    	67946    	88032    	110804   	139101   	174310   	218227   	270631   	323054   	382870   	450229   	525739   	608410   	701019   	800457   	909511   	1026127  	1153078  	1290619  	1433930  	1586177  	1747601  	1913956  	2074307  	2224499  	2333491  	2381137  	2332317  	5218119  	0        	33.12    	35.00    	30.00    	38.00    	24.00    	40.00    
23       	2369     	621      	1265     	2058     	2960     	4368     	6629     	9546     	13493    	19246    	27175    	38045    	51611    	70611    	91451    	115026   	144617   	179687   	224153   	276932   	331301   	391240   	458823   	535115   	619699   	711146   	811772   	921726   	1036989  	1164903  	1299226  	1440700  	1589973  	1746014  	1903737  	2059505  	2196385  	2300649  	2348141  	2299718  	5211754  	0        	33.05    	35.00    	29.00    	38.00    	24.00    	40.00    
24       	112      	206      	598      	1196     	2019     	3910     	6153     	9432     	13727    	19605    	27794    	38965    	52351    	72337    	93572    	117078   	145737   	181878   	226968   	280267   	333121   	392002   	460549   	538111   	621798   	713951   	814562   	925498   	1042136  	1170157  	1308191  	1447532  	1600000  	1758412  	1916705  	2070953  	2209295  	2308906  	2348224  	2286830  	5099541  	0        	33.02    	34.00    	29.00    	38.00    	24.00    	40.00    
25       	102      	222      	614      	1365     	2380     	4366     	6778     	10196    	14987    	21018    	29949    	41378    	56156    	76314    	96899    	121712   	151308   	187932   	232268   	286065   	340100   	399669   	468851   	543519   	627757   	721131   	819278   	928649   	1044143  	1167190  	1301417  	1441836  	1590448  	1744170  	1899541  	2050113  	2181160  	2284948  	2325725  	2274807  	5163918  	0        	32.98    	34.00    	29.00    	38.00    	24.00    	40.00    
26       	251      	464      	1317     	2647     	4650     	7997     	12076    	17271    	23999    	31922    	41652    	54632    	69537    	93578    	113847   	136464   	164597   	197833   	237403   	283781   	337005   	398325   	466247   	542332   	625484   	719370   	819356   	929855   	1046070  	1172610  	1307407  	1447827  	1596233  	1752027  	1907107  	2052517  	2185362  	2276083  	2307853  	2241946  	5033445  	0        	32.84    	34.00    	29.00    	38.00    	24.00    	40.00    
27       	411      	517      	1498     	2965     	5239     	9114     	13552    	19288    	25925    	34776    	45458    	58560    	74386    	98847    	120550   	143896   	171713   	205662   	246139   	292238   	346817   	407524   	473769   	552522   	634536   	726334   	823929   	933277   	1048053  	1170281  	1306056  	1441979  	1588919  	1737466  	1888119  	2035550  	2157874  	2247103  	2279907  	2221405  	5068225  	0        	32.77    	34.00    	29.00    	38.00    	23.00    	40.00    
28       	243      	592      	1717     	3295     	5684     	9952     	14734    	20840    	28300    	37105    	48287    	62038    	78723    	103805   	125624   	149015   	177659   	211646   	253079   	299739   	353724   	412663   	481606   	558914   	642613   	733915   	833640   	943894   	1057003  	1181288  	1314002  	1451635  	1596299  	1745025  	1894279  	2034362  	2155467  	2239928  	2258379  	2180009  	4959657  	0        	32.68    	34.00    	29.00    	38.00    	23.00    	40.00    
29       	301      	677      	1806     	3443     	6180     	10585    	16101    	22322    	30207    	40000    	51394    	65774    	82632    	109702   	131101   	154929   	184055   	218645   	259462   	306328   	359485   	420080   	488614   	564899   	647539   	736575   	835915   	942561   	1056150  	1178308  	1308812  	1443975  	1586693  	1731456  	1877147  	2016017  	2133195  	2214428  	2234788  	2165467  	5022631  	0        	32.64    	34.00    	29.00    	38.00    	23.00    	40.00    
30       	44086    	963      	2397     	4641     	7705     	12526    	17917    	24418    	32533    	42648    	54100    	68174    	84891    	114059   	137376   	160721   	190354   	224843   	265062   	312559   	365404   	426486   	494727   	569686   	654357   	746302   	841938   	950950   	1065025  	1188983  	1317277  	1453741  	1594529  	1734647  	1879110  	2008761  	2120451  	2198842  	2206240  	2128192  	4912758  	0        	32.50    	34.00    	29.00    	38.00    	23.00    	40.00    
31       	240      	707      	1953     	4086     	6935     	11932    	17772    	24738    	33293    	43902    	56230    	71671    	89857    	117179   	140190   	165114   	194595   	230492   	271213   	319113   	374612   	436073   	504336   	579821   	664891   	757212   	855123   	960949   	1076987  	1198807  	1326829  	1463851  	1604394  	1743885  	1885364  	2008870  	2113586  	2177367  	2179723  	2091305  	4855182  	0        	32.46    	34.00    	29.00    	38.00    	23.00    	40.00    
32       	9607     	1969     	4225     	6721     	10163    	15151    	21056    	27944    	36844    	47802    	60616    	76709    	94718    	125912   	150688   	175193   	204147   	240303   	282035   	329524   	383938   	446031   	513768   	590482   	673220   	761457   	859843   	964567   	1079271  	1196863  	1325764  	1458280  	1593479  	1730410  	1866875  	1989896  	2092651  	2150911  	2145613  	2056204  	4859529  	0        	32.35    	34.00    	28.00    	38.00    	23.00    	40.00    
33       	315      	901      	2451     	4767     	8469     	14044    	21188    	29049    	38436    	49559    	64107    	79883    	98838    	129705   	154689   	178971   	209765   	244235   	286377   	334123   	388646   	450379   	518697   	593520   	675685   	767042   	865207   	970135   	1082348  	1202217  	1326145  	1457614  	1593845  	1731932  	1863815  	1986281  	2083661  	2143896  	2137906  	2050498  	4821038  	0        	32.31    	34.00    	28.00    	38.00    	22.00    	40.00    
34       	336      	951      	2720     	5263     	9252     	15652    	22874    	31785    	41335    	53778    	68236    	85597    	105479   	135858   	161629   	187077   	218245   	253759   	297086   	345831   	401931   	462652   	531821   	608314   	692373   	781758   	880206   	985527   	1096353  	1215256  	1338194  	1469297  	1601018  	1734344  	1858174  	1972818  	2063993  	2106046  	2091930  	1996781  	4728850  	0        	32.18    	34.00    	28.00    	38.00    	22.00    	40.00    
35       	405      	1034     	2703     	5248     	8953     	15207    	22916    	31334    	41720    	53605    	68737    	84869    	105087   	135919   	160638   	186324   	216642   	252572   	296855   	344997   	398775   	461507   	529697   	605510   	689857   	780985   	878214   	984116   	1095471  	1215096  	1341264  	1466833  	1603153  	1733432  	1862456  	1977262  	2066960  	2114322  	2101621  	2002092  	4715991  	0        	32.19    	34.00    	28.00    	38.00    	22.00    	40.00    
36       	410      	1164     	3117     	6160     	10472    	17603    	25882    	35620    	46886    	60103    	76084    	93735    	114617   	148145   	174812   	200254   	231525   	268494   	311828   	361575   	416633   	479201   	547796   	622966   	707238   	795553   	892344   	996582   	1107703  	1219871  	1341626  	1467118  	1592507  	1718399  	1839017  	1943096  	2026346  	2068606  	2046751  	1956819  	4685721  	0        	32.02    	34.00    	28.00    	38.00    	22.00    	40.00    
37       	53900    	1973     	4579     	7825     	12328    	19356    	27713    	36908    	48251    	61402    	77132    	94890    	116326   	150568   	177770   	203318   	235254   	272172   	315981   	364451   	420342   	483455   	552217   	628204   	711471   	801392   	899595   	1001609  	1112645  	1230352  	1353756  	1476980  	1603433  	1725752  	1841563  	1947475  	2021179  	2050700  	2019774  	1912781  	4583607  	0        	31.89    	34.00    	28.00    	38.00    	22.00    	40.00    
38       	560      	1478     	3728     	6884     	11897    	20213    	29667    	40460    	52519    	66815    	83522    	103082   	124836   	160345   	188217   	214915   	247223   	284452   	327366   	377756   	434295   	496597   	566651   	640928   	723730   	812291   	909940   	1013411  	1119990  	1235373  	1352723  	1475590  	1597217  	1716679  	1834397  	1927733  	1994332  	2023503  	1988426  	1881182  	4569456  	0        	31.83    	33.00    	28.00    	38.00    	21.00    	40.00    
39       	490      	1503     	3746     	7353     	12891    	21703    	31351    	42935    	55300    	70805    	87735    	107606   	130696   	167124   	195061   	222426   	255927   	293063   	337835   	388415   	444136   	508371   	577132   	651115   	734608   	824531   	918644   	1020810  	1130400  	1239019  	1355646  	1477230  	1594967  	1715198  	1824184  	1913328  	1977509  	1996623  	1959206  	1848402  	4515355  	0        	31.72    	33.00    	28.00    	38.00    	21.00    	40.00    
40       	1006     	1511     	3911     	7849     	13365    	22595    	32905    	44461    	58210    	74186    	91927    	112244   	135400   	173247   	202884   	229005   	262858   	300664   	345804   	396304   	452616   	517139   	586133   	662560   	741915   	833534   	926329   	1029719  	1132451  	1245724  	1358319  	1476026  	1589326  	1702618  	1805802  	1892712  	1950280  	1968717  	1928241  	1819337  	4530545  	0        	31.64    	33.00    	27.00    	38.00    	21.00    	40.00    
41       	664      	1602     	4075     	7941     	13818    	23373    	33899    	46344    	59813    	75104    	94186    	114654   	137914   	177209   	205443   	233365   	265732   	304782   	350214   	400146   	457844   	522450   	591048   	666695   	751073   	840484   	934479   	1035781  	1141519  	1251763  	1367800  	1483863  	1599240  	1707585  	1808480  	1887826  	1942391  	1956313  	1908339  	1796335  	4458793  	0        	31.57    	33.00    	27.00    	37.00    	21.00    	40.00    
42       	64879    	2045     	5260     	9813     	16269    	26908    	39034    	51944    	66507    	84009    	103063   	123491   	146687   	189005   	218799   	246698   	281156   	318634   	364114   	415026   	472188   	534429   	601856   	676856   	757768   	842917   	938603   	1036995  	1139713  	1249294  	1358099  	1470240  	1581069  	1687992  	1782488  	1863930  	1909651  	1919485  	1870017  	1759685  	4433763  	0        	31.37    	33.00    	27.00    	37.00    	21.00    	40.00    
43       	132196   	2661     	6238     	11504    	18135    	29480    	41294    	53987    	69069    	85856    	105258   	126627   	150593   	192496   	223558   	251286   	284821   	323341   	368319   	419374   	477162   	538818   	608392   	682717   	764244   	851767   	946095   	1042967  	1144984  	1253232  	1360505  	1473195  	1579877  	1681958  	1772578  	1843784  	1885207  	1889804  	1836075  	1719807  	4411118  	0        	31.22    	33.00    	27.00    	37.00    	20.00    	40.00    
44       	695      	1906     	4986     	9793     	16642    	28363    	41052    	55079    	70905    	89632    	109608   	133099   	157734   	201637   	233923   	261383   	295180   	334715   	379540   	432587   	489327   	552520   	621217   	697715   	778243   	865101   	957201   	1056040  	1155721  	1262451  	1369527  	1476348  	1578057  	1678047  	1764014  	1832552  	1871410  	1872372  	1818315  	1702426  	4403316  	0        	31.26    	33.00    	27.00    	37.00    	20.00    	40.00    
45       	813      	2147     	5805     	10674    	18613    	30854    	44630    	60016    	76875    	95941    	117201   	141341   	167323   	210824   	243717   	272333   	305964   	346890   	392551   	444215   	500982   	565696   	634926   	708456   	792094   	875865   	968003   	1064660  	1165001  	1264587  	1369157  	1474159  	1577263  	1667430  	1747731  	1809828  	1842347  	1837916  	1780256  	1667635  	4357660  	0        	31.12    	33.00    	27.00    	37.00    	20.00    	40.00    
46       	700      	2040     	5440     	10878    	18170    	31029    	45202    	61037    	78637    	97697    	120065   	144079   	170533   	215581   	249216   	277572   	311577   	350983   	397808   	448832   	508596   	570731   	640487   	715661   	797501   	882157   	973112   	1070839  	1167981  	1272389  	1374300  	1478726  	1578001  	1673103  	1752043  	1808560  	1836717  	1826537  	1763574  	1645026  	4287262  	0        	31.05    	33.00    	27.00    	37.00    	20.00    	40.00    
47       	4703     	2302     	6168     	11530    	19660    	33270    	48383    	65023    	83211    	103068   	125923   	149371   	177427   	224715   	258712   	286546   	321006   	360769   	407406   	458119   	516635   	577784   	648762   	722884   	803907   	890018   	980022   	1075030  	1174847  	1274659  	1376279  	1478571  	1575067  	1662908  	1741099  	1792025  	1817165  	1800203  	1736129  	1615230  	4253843  	0        	30.94    	33.00    	26.00    	37.00    	20.00    	40.00    
48       	47668    	2432     	6524     	12254    	20914    	34917    	50236    	67274    	85447    	106805   	129693   	155577   	182566   	232590   	266077   	295740   	330590   	371241   	416809   	470029   	524490   	589888   	658858   	732206   	814127   	897064   	986251   	1079190  	1174835  	1274299  	1372067  	1467991  	1560475  	1644579  	1716124  	1769903  	1787330  	1773678  	1708110  	1591949  	4251582  	0        	30.81    	32.00    	26.00    	37.00    	19.00    	40.00    
49       	2818     	2193     	6277     	12027    	20647    	34838    	50655    	67491    	86606    	108147   	131367   	157704   	185521   	234443   	268692   	296772   	332601   	372382   	418803   	470144   	528975   	591362   	661135   	734721   	815709   	901062   	990577   	1083167  	1178979  	1276562  	1377432  	1472083  	1566057  	1649769  	1719300  	1769930  	1789590  	1772174  	1703632  	1586945  	4231090  	0        	30.83    	32.00    	26.00    	37.00    	20.00    	40.00    
50       	864      	2313     	6570     	12904    	22142    	37306    	54198    	72428    	92816    	115107   	140154   	168484   	197110   	249119   	284831   	315164   	349603   	391957   	439945   	491619   	551576   	616780   	686805   	762391   	844211   	929273   	1019676  	1113195  	1207945  	1302022  	1397943  	1492065  	1573281  	1647522  	1702867  	1734160  	1739315  	1708731  	1638498  	1521078  	4026411  	0        	30.57    	32.00    	26.00    	37.00    	19.00    	40.00    
