Pos      	Q0       	Q1       	Q2       	Q3       	Q4       	Q5       	Q6       	Q7       	Q8       	Q9       	Q10      	Q11      	Q12      	Q13      	Q14      	Q15      	Q16      	Q17      	Q18      	Q19      	Q20      	Q21      	Q22      	Q23      	Q24      	Q25      	Q26      	Q27      	Q28      	Q29      	Q30      	Q31      	Q32      	Q33      	Q34      	Q35      	Q36      	Q37      	Q38      	Q39      	Q40      	Q41      	Mean	Median	Lower quartile	Upper quartile	10thpercentile	90thpercentile
1        	2586     	381      	1054     	2143     	3780     	6261     	10080    	14441    	16601    	20450    	26864    	34186    	43669    	60234    	72536    	85467    	99799    	119947   	145632   	175333   	203158   	236675   	274216   	319414   	372170   	433281   	506756   	594161   	699793   	826177   	979706   	1170202  	1401013  	1681462  	2010643  	2386407  	2784290  	3140080  	3333417  	3232498  	5142588  	0        	34.35    	36.00    	32.00    	39.00    	26.00    	40.00    
2        	517      	189      	542      	1207     	2094     	3237     	4588     	6805     	9335     	13723    	19314    	27253    	36401    	51216    	64446    	78691    	96351    	118565   	148556   	182219   	215232   	255237   	302495   	352885   	412918   	483611   	563399   	656789   	763895   	888026   	1029192  	1197450  	1391348  	1619023  	1880314  	2177696  	2503135  	2826520  	3071786  	3141388  	6071963  	0        	34.36    	36.00    	32.00    	39.00    	26.00    	40.00    
3        	47304    	1433     	2303     	2455     	2506     	3635     	5078     	7014     	9625     	12784    	17810    	24210    	32533    	46288    	59119    	72481    	90475    	111807   	141778   	176586   	211639   	252679   	300332   	356892   	419735   	494929   	579294   	677112   	787036   	917173   	1065637  	1236738  	1435479  	1662131  	1922104  	2209243  	2511213  	2791863  	2988793  	3016941  	5965364  	0        	34.25    	36.00    	32.00    	39.00    	26.00    	40.00    
4        	350      	106      	321      	631      	1073     	1889     	3060     	4799     	7104     	10591    	15531    	21620    	30430    	43382    	55869    	70399    	88607    	111293   	141677   	178717   	215028   	257092   	305635   	364230   	429376   	503013   	591048   	688464   	801769   	926946   	1073964  	1240792  	1429294  	1649910  	1899050  	2177661  	2473494  	2745360  	2953375  	3002256  	6154345  	0        	34.32    	36.00    	31.00    	39.00    	26.00    	40.00    
5        	379      	107      	217      	464      	866      	1541     	2576     	4074     	6104     	9145     	13698    	19848    	27814    	39989    	52410    	67319    	85636    	108653   	139717   	177731   	215674   	259364   	309415   	369607   	436886   	513754   	602791   	702854   	814576   	943857   	1091078  	1257723  	1447215  	1663529  	1906751  	2174493  	2453241  	2722284  	2921168  	2975264  	6129739  	0        	34.30    	36.00    	31.00    	39.00    	26.00    	40.00    
6        	429      	77       	201      	403      	725      	1416     	2270     	3679     	5849     	8814     	13085    	19121    	27073    	39785    	52643    	67460    	86470    	110896   	142199   	180702   	218963   	265327   	317341   	379908   	448209   	528950   	619284   	721086   	836855   	967352   	1114851  	1282500  	1471724  	1684350  	1926177  	2186145  	2456506  	2710076  	2896112  	2927640  	5946898  	0        	34.21    	36.00    	31.00    	39.00    	26.00    	40.00    
7        	6163     	469      	942      	1327     	1646     	2372     	3510     	5079     	6761     	9219     	13306    	18880    	25900    	37786    	49407    	64148    	82452    	105719   	137645   	174235   	213700   	258140   	311551   	373037   	442654   	523569   	613696   	716309   	833518   	965859   	1110433  	1279077  	1469731  	1681146  	1914874  	2172270  	2442851  	2698735  	2897739  	2959622  	6044074  	0        	34.26    	36.00    	31.00    	39.00    	26.00    	40.00    
8        	225      	83       	176      	398      	736      	1308     	2179     	3673     	5487     	8319     	12527    	18419    	25939    	37084    	49945    	65558    	83941    	108880   	141471   	180616   	221207   	268833   	323895   	386870   	460353   	542481   	635098   	738568   	856359   	987597   	1133831  	1294911  	1476359  	1680332  	1905086  	2145285  	2403397  	2639381  	2819577  	2869778  	6133389  	0        	34.20    	36.00    	31.00    	39.00    	26.00    	40.00    
9        	16604    	3484     	5298     	5405     	4900     	4684     	5069     	6061     	7749     	10501    	15188    	21208    	29594    	43872    	58009    	73913    	94480    	119435   	153060   	194240   	235674   	285130   	340965   	406427   	480140   	563025   	654967   	759691   	876398   	1006343  	1147936  	1307192  	1485125  	1680783  	1891571  	2122334  	2353569  	2574578  	2738048  	2781083  	6105818  	0        	34.01    	36.00    	31.00    	39.00    	26.00    	40.00    
10       	4071     	71       	240      	515      	1204     	3477     	5040     	6165     	8170     	11117    	15875    	23066    	31274    	45575    	60208    	77116    	99074    	124340   	160371   	205346   	248135   	297048   	355429   	421431   	496689   	580343   	673956   	779718   	896335   	1026327  	1169781  	1329321  	1505635  	1696453  	1905736  	2127615  	2352147  	2554542  	2694405  	2721646  	5954544  	0        	33.93    	35.00    	31.00    	39.00    	25.00    	40.00    
11       	2637     	108      	317      	560      	1021     	1824     	3082     	4733     	7297     	10825    	15958    	23115    	32232    	45648    	60320    	78274    	100987   	129020   	165385   	208501   	254707   	306094   	366072   	433669   	511404   	598766   	693520   	799247   	917750   	1045737  	1186565  	1340788  	1510639  	1693828  	1894900  	2101070  	2310158  	2496219  	2630462  	2656487  	6029625  	0        	33.87    	35.00    	31.00    	39.00    	25.00    	40.00    
12       	177      	94       	224      	467      	840      	1572     	2660     	4150     	6378     	9807     	14537    	20740    	29229    	42402    	55888    	73627    	94653    	122902   	158340   	202059   	246356   	298371   	358027   	426357   	503858   	590359   	686708   	794053   	913350   	1041628  	1183472  	1341899  	1512227  	1698501  	1903561  	2116467  	2330164  	2525507  	2667791  	2689406  	6000743  	0        	33.93    	35.00    	31.00    	39.00    	26.00    	40.00    
13       	216699   	623      	1452     	2154     	2652     	3732     	4896     	6585     	9097     	12463    	17810    	25047    	34269    	50301    	66606    	84010    	106691   	135226   	171637   	217484   	261946   	315127   	373442   	441714   	519130   	603353   	696988   	803397   	917814   	1042681  	1180979  	1330931  	1496480  	1673158  	1864121  	2065888  	2268594  	2452384  	2578996  	2604511  	6008483  	0        	33.57    	35.00    	30.00    	39.00    	25.00    	40.00    
14       	276      	87       	255      	546      	989      	1786     	3008     	4844     	7453     	10889    	16165    	23689    	32665    	47119    	62895    	81001    	104763   	132651   	170594   	217038   	262163   	317411   	376817   	447118   	526166   	612667   	710212   	818065   	934045   	1060324  	1199771  	1354065  	1522192  	1699344  	1890692  	2091061  	2285924  	2464061  	2587690  	2612912  	5978138  	0        	33.79    	35.00    	30.00    	39.00    	25.00    	40.00    
15       	196      	85       	237      	502      	896      	1685     	2860     	4534     	6910     	10316    	15273    	22788    	31826    	45724    	61128    	79135    	102240   	131314   	169322   	215883   	261973   	317136   	379090   	448443   	528258   	616930   	713779   	823959   	941483   	1071447  	1211435  	1365908  	1532319  	1712433  	1905011  	2100588  	2301047  	2479542  	2599034  	2609964  	5846918  	0        	33.76    	35.00    	30.00    	39.00    	25.00    	40.00    
16       	225      	102      	264      	549      	963      	1738     	3107     	4857     	7335     	11263    	16329    	23778    	33272    	47401    	62995    	82263    	105480   	134833   	173211   	219083   	266486   	320939   	383727   	454410   	533219   	624295   	720925   	829742   	948363   	1078070  	1215997  	1369277  	1533950  	1709955  	1896984  	2089422  	2279396  	2452444  	2563600  	2581607  	5887695  	0        	33.73    	35.00    	30.00    	39.00    	25.00    	40.00    
17       	278      	96       	288      	599      	1113     	2100     	3497     	5405     	8085     	11986    	18048    	25301    	35556    	50621    	66831    	86550    	111615   	141352   	180751   	229779   	276248   	331898   	395926   	466165   	546424   	636421   	735246   	842692   	960518   	1086534  	1223578  	1373472  	1534174  	1705028  	1888300  	2073991  	2258937  	2420827  	2525784  	2537035  	5870502  	0        	33.64    	35.00    	30.00    	39.00    	25.00    	40.00    
18       	274      	123      	288      	648      	1254     	2275     	3798     	5979     	8826     	13124    	19186    	27365    	38211    	53894    	71281    	91495    	116105   	147382   	187053   	237144   	285678   	340082   	405262   	476454   	556059   	646336   	743371   	851380   	968602   	1095479  	1230693  	1378932  	1535829  	1710614  	1888846  	2073157  	2256691  	2409790  	2513382  	2512397  	5764812  	0        	33.56    	35.00    	30.00    	39.00    	25.00    	40.00    
19       	243      	121      	314      	658      	1256     	2263     	3708     	5832     	8604     	12737    	19090    	27107    	37744    	52948    	70088    	90562    	115682   	146875   	187750   	236429   	285982   	341023   	406437   	479579   	559182   	649263   	745807   	855424   	973021   	1100002  	1237596  	1387177  	1546508  	1718729  	1900813  	2081169  	2259771  	2409396  	2508386  	2501194  	5703081  	0        	33.54    	35.00    	30.00    	39.00    	25.00    	40.00    
20       	190444   	559      	1175     	1596     	2274     	3510     	5180     	7524     	10738    	15437    	22186    	31117    	42398    	61267    	79427    	100643   	126858   	158549   	200378   	249618   	299021   	355549   	419820   	491004   	569847   	659111   	755455   	862125   	977901   	1099689  	1231340  	1376881  	1529481  	1691596  	1862633  	2035338  	2202018  	2341774  	2428298  	2422175  	5747617  	0        	33.23    	35.00    	30.00    	39.00    	24.00    	40.00    
21       	283      	138      	390      	850      	1582     	2817     	4558     	6925     	10362    	14745    	21792    	31014    	42758    	60370    	78292    	99726    	126277   	159046   	200965   	251609   	302127   	359881   	426123   	498051   	579167   	670784   	768999   	876423   	997363   	1121698  	1260558  	1405090  	1559726  	1726430  	1896254  	2066180  	2231344  	2362059  	2445623  	2424718  	5576454  	0        	33.38    	35.00    	30.00    	38.00    	24.00    	40.00    
22       	16649    	427      	941      	1655     	2357     	3684     	5695     	8424     	12166    	17268    	24800    	34583    	47290    	68206    	87671    	110305   	137919   	172650   	216040   	269115   	319771   	377967   	442715   	516448   	598134   	687114   	785057   	889942   	1003820  	1131508  	1261656  	1402735  	1552657  	1711731  	1872863  	2037000  	2191738  	2317757  	2390003  	2369306  	5571784  	0        	33.23    	35.00    	30.00    	38.00    	24.00    	40.00    
23       	2602     	582      	1237     	1956     	2941     	4518     	6781     	9457     	13400    	19401    	27630    	38257    	50902    	70504    	90316    	114281   	141969   	176487   	221849   	273118   	325315   	383671   	449664   	523132   	605320   	692073   	792571   	897097   	1012967  	1135386  	1269842  	1407319  	1556704  	1714277  	1877491  	2038348  	2187482  	2313896  	2372453  	2346420  	5499935  	0        	33.18    	35.00    	30.00    	38.00    	24.00    	40.00    
24       	408      	220      	589      	1177     	2127     	3926     	6273     	9548     	13901    	20020    	28522    	39518    	53418    	73675    	94399    	118335   	147333   	181790   	226664   	278970   	330411   	391013   	456136   	531593   	611865   	700555   	798525   	904724   	1018451  	1142543  	1271755  	1411521  	1560515  	1715993  	1868602  	2025455  	2170949  	2292752  	2353669  	2325944  	5485767  	0        	33.13    	35.00    	29.00    	38.00    	24.00    	40.00    
25       	383      	229      	683      	1356     	2450     	4446     	7232     	10966    	15993    	22185    	31362    	43023    	57578    	79414    	100429   	125259   	155795   	190278   	235932   	289962   	342433   	401619   	468862   	542595   	623923   	713863   	813759   	915945   	1030619  	1151279  	1281594  	1418594  	1564208  	1715370  	1869366  	2022021  	2161537  	2272383  	2327051  	2288549  	5369026  	0        	33.01    	35.00    	29.00    	38.00    	24.00    	40.00    
26       	725      	448      	1290     	2691     	4887     	8267     	12808    	18123    	24501    	33374    	43703    	56908    	72261    	96878    	118182   	140854   	168516   	201986   	241468   	286017   	338219   	397460   	465532   	538516   	620644   	710465   	808809   	914151   	1028037  	1148646  	1277122  	1414765  	1559022  	1708743  	1860318  	2009659  	2144388  	2250379  	2303497  	2265138  	5372154  	0        	32.91    	35.00    	29.00    	38.00    	23.00    	40.00    
27       	1501     	531      	1545     	3046     	5419     	9549     	14458    	20620    	27674    	36995    	48273    	61718    	78020    	105792   	127792   	150895   	179155   	212671   	251869   	299186   	352320   	411643   	477681   	551708   	633257   	722547   	821247   	925238   	1035536  	1158286  	1283597  	1419263  	1562680  	1707722  	1855406  	2003540  	2135060  	2232723  	2270897  	2224754  	5247737  	0        	32.77    	34.00    	29.00    	38.00    	23.00    	40.00    
28       	927      	573      	1686     	3330     	5979     	10329    	15249    	21494    	29787    	38933    	50638    	65270    	81801    	110036   	131959   	154905   	183408   	216971   	258024   	304646   	356276   	417021   	482759   	557789   	637914   	728526   	823376   	926391   	1039267  	1159372  	1288621  	1418905  	1558910  	1703213  	1847614  	1991880  	2118354  	2210457  	2249593  	2202360  	5265008  	0        	32.72    	34.00    	29.00    	38.00    	23.00    	40.00    
29       	1119     	702      	1832     	3709     	6464     	11317    	17119    	23883    	31895    	42390    	54724    	70037    	88144    	116852   	140430   	164362   	192924   	228127   	268995   	316550   	370030   	429839   	497202   	571985   	653397   	742005   	838147   	941527   	1051196  	1171869  	1297194  	1428076  	1565139  	1704864  	1847680  	1984016  	2104085  	2189116  	2217910  	2157141  	5125558  	0        	32.58    	34.00    	29.00    	38.00    	23.00    	40.00    
30       	47332    	942      	2505     	4934     	8078     	13296    	19078    	26499    	35060    	45727    	58463    	73995    	91693    	122626   	147097   	171129   	200191   	234318   	275816   	321376   	375626   	436653   	502465   	577907   	658123   	747791   	842278   	945027   	1056083  	1174391  	1300413  	1430113  	1565477  	1706754  	1843885  	1976088  	2094016  	2170504  	2190142  	2124053  	5051607  	0        	32.45    	34.00    	29.00    	38.00    	23.00    	40.00    
31       	860      	726      	2169     	4198     	7459     	12739    	19367    	26516    	36083    	47287    	61092    	76829    	96016    	126198   	151022   	175309   	205806   	241099   	282404   	330156   	382584   	443857   	511254   	585939   	667091   	755973   	852168   	954482   	1064821  	1179926  	1304131  	1432055  	1564862  	1702106  	1837411  	1961349  	2071886  	2144384  	2161776  	2093474  	5094687  	0        	32.44    	34.00    	29.00    	38.00    	23.00    	40.00    
32       	10011    	1813     	4337     	6970     	10501    	16283    	22819    	30595    	39925    	51933    	65888    	82748    	101290   	135287   	161671   	185769   	215316   	251493   	293060   	339215   	395840   	456035   	522376   	597419   	678538   	762917   	856653   	959952   	1066565  	1179906  	1301441  	1425560  	1556176  	1689222  	1817163  	1936614  	2043118  	2112414  	2127772  	2064168  	5092778  	0        	32.32    	34.00    	28.00    	38.00    	22.00    	40.00    
33       	1141     	964      	2580     	5129     	8977     	15612    	22924    	31736    	42240    	54989    	69758    	87413    	108462   	141951   	167494   	193289   	224081   	259882   	301679   	351743   	405150   	464792   	533143   	608324   	689376   	776234   	871834   	972434   	1080376  	1196713  	1316101  	1442334  	1573096  	1700499  	1829119  	1948809  	2045569  	2104489  	2106995  	2028090  	4884030  	0        	32.20    	34.00    	28.00    	38.00    	22.00    	40.00    
34       	1651     	1002     	2824     	5558     	9882     	17001    	25086    	34525    	45681    	59014    	74568    	93182    	114797   	149359   	175419   	200938   	232521   	267596   	311887   	361339   	415512   	475624   	543299   	615907   	697194   	784720   	879909   	978113   	1085050  	1197071  	1313636  	1439118  	1560282  	1686608  	1809304  	1920599  	2008582  	2067418  	2068420  	1999057  	4940298  	0        	32.12    	34.00    	28.00    	38.00    	22.00    	40.00    
35       	1374     	1068     	2814     	5601     	9989     	16835    	25415    	34809    	46161    	60100    	75700    	94745    	115547   	150462   	176349   	201653   	233599   	271394   	313710   	361878   	418214   	478161   	546720   	620029   	700555   	788983   	883519   	983648   	1090369  	1205520  	1322608  	1445419  	1570217  	1697855  	1819734  	1930818  	2021585  	2072701  	2068343  	1982834  	4822516  	0        	32.07    	34.00    	28.00    	38.00    	22.00    	40.00    
36       	1413     	1205     	3350     	6513     	11190    	19112    	28416    	38612    	50674    	65044    	81323    	100942   	123723   	160235   	187705   	213826   	246250   	282869   	326096   	377145   	429966   	492943   	558757   	632705   	711950   	799212   	892717   	991061   	1095703  	1203386  	1321682  	1440068  	1561988  	1684340  	1805342  	1906926  	1992545  	2040412  	2032987  	1947977  	4801241  	0        	31.94    	34.00    	28.00    	38.00    	22.00    	40.00    
37       	54972    	2034     	4776     	8106     	13027    	20748    	30222    	40394    	53058    	67411    	84894    	104194   	127065   	165308   	193199   	220097   	251938   	287919   	331966   	379909   	434547   	495248   	564034   	636630   	719140   	801575   	897742   	994424   	1099040  	1209508  	1322450  	1441039  	1560931  	1682744  	1792636  	1892783  	1969810  	2012908  	1996097  	1913525  	4791503  	0        	31.82    	34.00    	28.00    	38.00    	21.00    	40.00    
38       	1553     	1512     	3912     	7623     	13125    	22357    	33119    	44544    	58863    	74360    	92906    	113743   	138232   	177451   	206797   	234226   	267132   	304923   	348484   	397291   	454736   	515457   	583480   	657345   	737525   	824211   	914054   	1012456  	1115443  	1222355  	1332136  	1450120  	1563183  	1677039  	1781132  	1872713  	1947053  	1975572  	1952759  	1864030  	4674599  	0        	31.68    	33.00    	27.00    	38.00    	21.00    	40.00    
39       	1617     	1546     	4213     	8251     	13987    	23882    	34688    	47657    	62103    	78574    	98293    	119582   	144134   	185246   	214699   	242756   	274653   	314456   	359250   	410009   	464323   	527671   	594088   	668156   	747335   	831714   	924736   	1019815  	1119555  	1224804  	1333447  	1446338  	1558486  	1669175  	1769125  	1858166  	1921813  	1947980  	1925390  	1834296  	4643542  	0        	31.58    	33.00    	27.00    	38.00    	21.00    	40.00    
40       	1992     	1616     	4324     	8397     	14591    	24644    	36851    	48780    	64662    	81559    	101458   	124017   	149194   	190206   	221992   	249353   	282882   	321672   	365350   	415870   	470751   	532086   	600439   	673685   	754402   	838112   	929463   	1024608  	1127152  	1229781  	1337508  	1448037  	1555919  	1666241  	1765062  	1852333  	1911089  	1931227  	1903102  	1804542  	4604602  	0        	31.50    	33.00    	27.00    	38.00    	21.00    	40.00    
41       	1931     	1629     	4412     	8816     	15245    	25639    	37834    	51472    	67130    	84497    	104370   	128202   	153866   	196892   	227717   	255287   	288382   	328805   	372380   	422363   	479291   	540562   	609918   	681847   	764574   	847443   	937519   	1034787  	1133432  	1237103  	1346684  	1454793  	1558643  	1665148  	1759542  	1841468  	1893501  	1910804  	1874411  	1772131  	4549081  	0        	31.41    	33.00    	27.00    	38.00    	21.00    	40.00    
42       	64967    	2242     	5777     	10603    	17523    	30324    	43336    	58445    	74264    	92724    	114364   	137987   	163159   	209541   	242792   	269998   	304317   	341746   	386231   	438320   	492766   	554038   	621326   	694529   	770742   	852997   	941416   	1034177  	1132163  	1231004  	1334135  	1434892  	1540149  	1637311  	1725676  	1806567  	1854016  	1870674  	1834938  	1742460  	4554915  	0        	31.20    	33.00    	27.00    	37.00    	20.00    	40.00    
43       	140861   	2750     	6983     	12544    	20313    	32722    	45813    	60616    	77244    	95931    	117304   	141365   	166735   	214564   	247408   	275195   	307486   	347110   	392213   	442487   	499124   	559569   	626148   	698684   	776528   	858794   	945091   	1039608  	1134551  	1232721  	1335986  	1436702  	1533856  	1630267  	1714803  	1784931  	1834089  	1839150  	1800114  	1703279  	4537912  	0        	31.05    	33.00    	27.00    	37.00    	20.00    	40.00    
44       	1986     	2042     	5560     	10859    	18592    	31519    	45936    	62013    	80478    	100400   	123262   	149207   	176765   	225595   	260318   	288750   	323276   	362411   	407222   	458086   	515194   	576596   	642939   	716859   	797460   	879789   	966939   	1057043  	1151995  	1252057  	1347103  	1448405  	1544211  	1635901  	1715615  	1780035  	1815945  	1818446  	1775398  	1671465  	4425879  	0        	31.04    	33.00    	26.00    	37.00    	20.00    	40.00    
45       	2126     	2336     	6108     	12038    	20405    	34301    	49897    	67482    	85759    	106629   	130179   	157363   	185206   	235527   	269285   	297806   	332873   	372458   	418079   	468231   	522851   	587165   	653549   	724416   	803427   	887128   	971448   	1061489  	1155419  	1251303  	1347911  	1446222  	1537877  	1627064  	1704729  	1762728  	1795684  	1793783  	1744890  	1644225  	4392155  	0        	30.92    	33.00    	26.00    	37.00    	20.00    	40.00    
46       	2147     	2264     	6136     	12134    	20928    	35416    	51094    	68670    	88226    	110957   	135106   	161375   	191072   	241202   	275325   	304083   	339272   	378673   	422779   	474754   	529764   	593186   	660241   	732244   	809132   	890428   	976441   	1065842  	1156638  	1252182  	1346485  	1441676  	1533597  	1618364  	1695120  	1750879  	1783537  	1777658  	1730421  	1625912  	4378191  	0        	30.85    	33.00    	26.00    	37.00    	19.00    	40.00    
47       	6072     	2469     	6763     	13106    	22186    	37951    	55050    	74046    	93773    	116601   	140944   	169194   	198863   	250926   	287417   	315375   	349710   	388724   	434843   	485225   	542457   	603487   	668932   	739568   	816681   	897897   	982724   	1071098  	1161458  	1254539  	1345667  	1438132  	1525988  	1606922  	1678059  	1734096  	1760931  	1753364  	1698871  	1595960  	4343482  	0        	30.73    	32.00    	26.00    	37.00    	19.00    	40.00    
48       	49903    	2732     	7177     	13848    	23398    	39466    	56641    	76534    	97530    	120700   	146486   	174529   	205713   	260162   	295843   	325637   	359272   	399127   	445248   	495747   	551847   	612673   	680695   	750615   	824842   	906079   	987270   	1074520  	1163287  	1249961  	1342660  	1429785  	1513150  	1591920  	1659144  	1708025  	1730847  	1723886  	1670674  	1568849  	4333129  	0        	30.59    	32.00    	26.00    	37.00    	19.00    	40.00    
49       	4851     	2572     	7066     	13642    	23521    	40210    	58000    	77766    	99283    	123432   	149568   	178990   	209978   	264781   	302296   	330344   	365157   	404402   	451188   	503655   	557823   	620749   	687633   	759032   	833690   	914071   	997862   	1083278  	1171610  	1262117  	1356355  	1440787  	1525595  	1601744  	1666039  	1714148  	1732782  	1717107  	1654248  	1547069  	4215110  	0        	30.54    	32.00    	26.00    	37.00    	19.00    	40.00    
50       	2676     	2651     	7272     	14029    	24066    	41582    	60612    	81474    	103658   	129376   	156455   	186358   	218885   	277273   	314482   	343851   	380070   	419963   	466563   	518144   	575678   	638435   	704930   	776965   	853010   	933546   	1015793  	1104138  	1192279  	1280580  	1367494  	1450998  	1526729  	1593874  	1647389  	1682147  	1689792  	1664371  	1600186  	1500382  	4121395  	0        	30.36    	32.00    	25.00    	37.00    	19.00    	40.00    
Clean Quality Value Distribute
Pos      	Q0       	Q1       	Q2       	Q3       	Q4       	Q5       	Q6       	Q7       	Q8       	Q9       	Q10      	Q11      	Q12      	Q13      	Q14      	Q15      	Q16      	Q17      	Q18      	Q19      	Q20      	Q21      	Q22      	Q23      	Q24      	Q25      	Q26      	Q27      	Q28      	Q29      	Q30      	Q31      	Q32      	Q33      	Q34      	Q35      	Q36      	Q37      	Q38      	Q39      	Q40      	Q41      	Mean	Median	Lower quartile	Upper quartile	10thpercentile	90thpercentile
1        	2545     	381      	1054     	2142     	3778     	6260     	10077    	14441    	16597    	20448    	26863    	34182    	43661    	60221    	72528    	85453    	99775    	119923   	145587   	175292   	203105   	236618   	274150   	319333   	372081   	433169   	506592   	593989   	699591   	825908   	979343   	1169737  	1400427  	1680678  	2009656  	2385175  	2782851  	3138331  	3331356  	3230147  	5135595  	0        	34.34    	36.00    	32.00    	39.00    	26.00    	40.00    
2        	500      	189      	542      	1207     	2093     	3237     	4588     	6804     	9333     	13723    	19312    	27250    	36397    	51211    	64441    	78683    	96345    	118549   	148543   	182199   	215206   	255209   	302448   	352836   	412859   	483529   	563321   	656661   	763729   	887840   	1028944  	1197151  	1390973  	1618544  	1879740  	2176865  	2502025  	2824936  	3069704  	3138675  	6062699  	0        	34.36    	36.00    	32.00    	39.00    	26.00    	40.00    
3        	47263    	1430     	2303     	2452     	2504     	3632     	5076     	7013     	9621     	12781    	17805    	24207    	32520    	46280    	59107    	72463    	90458    	111788   	141739   	176546   	211582   	252614   	300257   	356819   	419632   	494793   	579127   	676903   	786813   	916917   	1065315  	1236335  	1434997  	1661523  	1921381  	2208370  	2510063  	2790457  	2987026  	3014799  	5956329  	0        	34.25    	36.00    	31.00    	39.00    	26.00    	40.00    
4        	335      	106      	321      	631      	1072     	1889     	3060     	4799     	7101     	10588    	15530    	21617    	30427    	43369    	55862    	70384    	88593    	111273   	141652   	178683   	214978   	257035   	305560   	364166   	429293   	502893   	590917   	688293   	801551   	926674   	1073624  	1240384  	1428802  	1649310  	1898268  	2176656  	2472095  	2743607  	2951116  	2999411  	6147115  	0        	34.32    	36.00    	31.00    	39.00    	26.00    	40.00    
5        	363      	107      	217      	464      	866      	1541     	2575     	4074     	6102     	9144     	13696    	19844    	27808    	39983    	52406    	67311    	85624    	108638   	139694   	177693   	215633   	259306   	309342   	369526   	436789   	513622   	602646   	702656   	814374   	943533   	1090730  	1257303  	1446643  	1662822  	1905869  	2173435  	2451816  	2720420  	2918826  	2972754  	6122845  	0        	34.30    	36.00    	31.00    	39.00    	26.00    	40.00    
6        	405      	77       	201      	403      	723      	1415     	2270     	3679     	5847     	8809     	13082    	19116    	27065    	39765    	52624    	67436    	86444    	110864   	142148   	180643   	218868   	265221   	317196   	379760   	448035   	528715   	619056   	720767   	836514   	966887   	1114328  	1281937  	1471006  	1683515  	1925163  	2184845  	2455012  	2708308  	2894174  	2925685  	5941032  	0        	34.21    	36.00    	31.00    	39.00    	26.00    	40.00    
7        	6128     	468      	942      	1327     	1646     	2370     	3506     	5073     	6751     	9212     	13279    	18857    	25871    	37720    	49339    	64067    	82357    	105592   	137498   	174045   	213494   	257887   	311243   	372687   	442224   	523128   	613226   	715747   	832835   	965142   	1109552  	1278096  	1468735  	1679985  	1913737  	2171007  	2441604  	2697481  	2896474  	2958392  	6040316  	0        	34.26    	36.00    	31.00    	39.00    	26.00    	40.00    
8        	210      	83       	176      	398      	736      	1307     	2179     	3672     	5487     	8319     	12527    	18417    	25938    	37077    	49939    	65545    	83929    	108872   	141457   	180587   	221167   	268793   	323834   	386797   	460272   	542396   	634952   	738398   	856166   	987344   	1133527  	1294548  	1475936  	1679769  	1904388  	2144328  	2402222  	2637853  	2817495  	2867336  	6124664  	0        	34.20    	36.00    	31.00    	39.00    	26.00    	40.00    
9        	16587    	3483     	5296     	5401     	4900     	4682     	5067     	6059     	7748     	10499    	15186    	21204    	29586    	43859    	57999    	73900    	94461    	119405   	153029   	194196   	235621   	285074   	340903   	406301   	480024   	562873   	654775   	759469   	876118   	1005998  	1147522  	1306760  	1484543  	1680138  	1890760  	2121250  	2352271  	2573012  	2736124  	2778835  	6098122  	0        	34.01    	36.00    	31.00    	39.00    	26.00    	40.00    
10       	4036     	71       	240      	515      	1204     	3477     	5039     	6165     	8169     	11112    	15873    	23060    	31263    	45565    	60194    	77098    	99055    	124310   	160327   	205288   	248060   	296944   	355319   	421293   	496497   	580154   	673716   	779413   	895984   	1025903  	1169264  	1328683  	1504941  	1695596  	1904707  	2126375  	2350629  	2552791  	2692470  	2719555  	5948685  	0        	33.92    	35.00    	31.00    	39.00    	25.00    	40.00    
11       	2601     	108      	317      	560      	1021     	1824     	3082     	4733     	7297     	10825    	15952    	23113    	32225    	45637    	60310    	78258    	100973   	128990   	165334   	208449   	254657   	306019   	365972   	433577   	511258   	598581   	693311   	799005   	917373   	1045363  	1186045  	1340235  	1509994  	1692980  	1893934  	2099942  	2308816  	2494506  	2628538  	2654240  	6023085  	0        	33.87    	35.00    	31.00    	39.00    	25.00    	40.00    
12       	165      	94       	224      	467      	840      	1572     	2660     	4149     	6378     	9805     	14534    	20737    	29223    	42395    	55873    	73617    	94623    	122867   	158280   	202008   	246271   	298277   	357904   	426201   	503674   	590103   	686415   	793669   	912936   	1041130  	1182887  	1341145  	1511329  	1697478  	1902407  	2115053  	2328588  	2523748  	2665838  	2687475  	5996001  	0        	33.93    	35.00    	31.00    	39.00    	26.00    	40.00    
13       	216644   	623      	1452     	2154     	2652     	3732     	4896     	6585     	9096     	12462    	17809    	25043    	34262    	50290    	66590    	83994    	106657   	135180   	171578   	217415   	261841   	315010   	373306   	441557   	518925   	603094   	696692   	803007   	917369   	1042157  	1180411  	1330224  	1495647  	1672246  	1863027  	2064758  	2267059  	2450684  	2577123  	2602602  	6003187  	0        	33.56    	35.00    	30.00    	39.00    	25.00    	40.00    
14       	262      	87       	255      	546      	989      	1786     	3007     	4844     	7452     	10888    	16162    	23689    	32656    	47119    	62885    	80987    	104748   	132642   	170564   	217003   	262112   	317357   	376732   	447001   	526042   	612521   	710018   	817842   	933743   	1059964  	1199342  	1353578  	1521533  	1698586  	1889741  	2089871  	2284527  	2462359  	2585729  	2610769  	5971102  	0        	33.79    	35.00    	30.00    	39.00    	25.00    	40.00    
15       	178      	85       	237      	502      	895      	1685     	2858     	4533     	6907     	10313    	15269    	22780    	31813    	45710    	61096    	79102    	102185   	131265   	169246   	215790   	261859   	316993   	378901   	448229   	527992   	616587   	713433   	823564   	940978   	1070861  	1210776  	1365197  	1531425  	1711397  	1903761  	2099217  	2299518  	2477938  	2597340  	2608251  	5842374  	0        	33.76    	35.00    	30.00    	39.00    	25.00    	40.00    
16       	194      	102      	264      	549      	962      	1738     	3107     	4856     	7333     	11263    	16328    	23776    	33269    	47398    	62985    	82251    	105465   	134816   	173182   	219049   	266438   	320873   	383636   	454317   	533104   	624120   	720735   	829524   	948076   	1077717  	1215499  	1368777  	1533320  	1709233  	1896058  	2088266  	2277981  	2450783  	2561525  	2579365  	5880806  	0        	33.73    	35.00    	30.00    	39.00    	25.00    	40.00    
17       	250      	96       	288      	599      	1113     	2100     	3495     	5405     	8080     	11983    	18044    	25299    	35554    	50608    	66825    	86538    	111585   	141321   	180708   	229731   	276183   	331778   	395810   	466020   	546244   	636222   	734990   	842395   	960184   	1086155  	1223116  	1372927  	1533498  	1704262  	1887400  	2072838  	2257556  	2419286  	2524023  	2535004  	5863527  	0        	33.64    	35.00    	30.00    	39.00    	25.00    	40.00    
18       	238      	123      	288      	648      	1253     	2274     	3794     	5971     	8821     	13112    	19180    	27344    	38180    	53843    	71231    	91420    	116019   	147270   	186918   	236956   	285477   	339839   	404975   	476120   	555675   	645926   	742876   	850810   	967969   	1094723  	1229914  	1378025  	1534766  	1709478  	1887622  	2071875  	2255341  	2408456  	2512123  	2511247  	5760920  	0        	33.56    	35.00    	30.00    	39.00    	25.00    	40.00    
19       	201      	121      	314      	658      	1254     	2262     	3705     	5829     	8599     	12731    	19089    	27096    	37724    	52927    	70058    	90510    	115621   	146793   	187648   	236295   	285816   	340843   	406192   	479317   	558846   	648877   	745331   	854830   	972348   	1099268  	1236732  	1386238  	1545390  	1717467  	1899362  	2079673  	2258209  	2407870  	2506979  	2499941  	5700076  	0        	33.54    	35.00    	30.00    	39.00    	25.00    	40.00    
20       	190248   	559      	1175     	1596     	2273     	3510     	5179     	7524     	10736    	15436    	22182    	31113    	42392    	61254    	79409    	100620   	126830   	158499   	200315   	249518   	298910   	355414   	419672   	490812   	569604   	658848   	755104   	861751   	977381   	1099146  	1230660  	1376062  	1528486  	1690427  	1861276  	2033790  	2200370  	2339988  	2426541  	2420508  	5743922  	0        	33.23    	35.00    	30.00    	39.00    	24.00    	40.00    
21       	241      	138      	390      	850      	1582     	2817     	4558     	6922     	10359    	14741    	21786    	31010    	42745    	60358    	78266    	99702    	126241   	159000   	200904   	251520   	302007   	359740   	425969   	497860   	578902   	670470   	768638   	876002   	996851   	1121081  	1259887  	1404294  	1558806  	1725347  	1894957  	2064678  	2229648  	2360254  	2443804  	2423035  	5572680  	0        	33.38    	35.00    	30.00    	38.00    	24.00    	40.00    
22       	16585    	427      	941      	1655     	2357     	3684     	5692     	8424     	12165    	17263    	24790    	34569    	47270    	68181    	87637    	110247   	137840   	172545   	215912   	268938   	319561   	377686   	442411   	516048   	597611   	686524   	784293   	889039   	1002745  	1130309  	1260368  	1401336  	1551235  	1710298  	1871565  	2035763  	2190635  	2316874  	2389214  	2368702  	5569701  	0        	33.23    	35.00    	30.00    	38.00    	24.00    	40.00    
23       	2538     	582      	1235     	1955     	2940     	4514     	6777     	9454     	13397    	19393    	27616    	38241    	50879    	70474    	90272    	114214   	141891   	176393   	221721   	272994   	325123   	383434   	449405   	522803   	604947   	691610   	792113   	896560   	1012337  	1134640  	1268979  	1406400  	1555660  	1713154  	1876228  	2036988  	2186044  	2312447  	2371114  	2345201  	5496373  	0        	33.18    	35.00    	30.00    	38.00    	24.00    	40.00    
24       	350      	220      	588      	1177     	2126     	3925     	6266     	9540     	13892    	20010    	28507    	39504    	53391    	73641    	94354    	118277   	147273   	181703   	226547   	278838   	330255   	390837   	455897   	531328   	611588   	700235   	798118   	904277   	1017949  	1141965  	1271081  	1410744  	1559665  	1715075  	1867525  	2024288  	2169597  	2291377  	2352147  	2324496  	5480467  	0        	33.13    	35.00    	29.00    	38.00    	24.00    	40.00    
25       	302      	229      	683      	1351     	2448     	4441     	7223     	10950    	15971    	22150    	31313    	42965    	57520    	79302    	100310   	125106   	155635   	190048   	235659   	289662   	342083   	401219   	468430   	542102   	623380   	713220   	813020   	915209   	1029776  	1150416  	1280622  	1417586  	1563164  	1714285  	1868209  	2020974  	2160498  	2271414  	2326189  	2287772  	5366204  	0        	33.02    	35.00    	29.00    	38.00    	24.00    	40.00    
26       	547      	448      	1290     	2690     	4886     	8267     	12805    	18118    	24496    	33367    	43689    	56890    	72234    	96839    	118137   	140786   	168450   	201889   	241368   	285899   	338070   	397285   	465291   	538225   	620261   	710065   	808326   	913642   	1027363  	1147856  	1276272  	1413811  	1557932  	1707541  	1858997  	2008300  	2142942  	2248868  	2302092  	2263837  	5368969  	0        	32.91    	35.00    	29.00    	38.00    	23.00    	40.00    
27       	1233     	531      	1544     	3044     	5419     	9546     	14452    	20614    	27659    	36981    	48252    	61692    	77979    	105741   	127720   	150804   	179054   	212552   	251735   	299009   	352105   	411399   	477407   	551352   	632839   	722065   	820700   	924608   	1034798  	1157441  	1282682  	1418224  	1561584  	1706489  	1854184  	2002200  	2133728  	2231452  	2269737  	2223691  	5244794  	0        	32.77    	34.00    	29.00    	38.00    	23.00    	40.00    
28       	708      	572      	1686     	3329     	5972     	10321    	15234    	21473    	29758    	38890    	50593    	65206    	81713    	109905   	131814   	154742   	183228   	216746   	257773   	304348   	355957   	416654   	482336   	557307   	637373   	727912   	822709   	925621   	1038414  	1158472  	1287661  	1417904  	1557876  	1702121  	1846502  	1990802  	2117318  	2209521  	2248747  	2201616  	5262206  	0        	32.73    	34.00    	29.00    	38.00    	23.00    	40.00    
29       	847      	701      	1831     	3708     	6461     	11312    	17115    	23870    	31882    	42380    	54704    	70006    	88106    	116806   	140362   	164278   	192836   	228000   	268863   	316384   	369814   	429585   	496906   	571619   	652956   	741502   	837506   	940795   	1050316  	1170844  	1296117  	1426822  	1563859  	1703478  	1846259  	1982648  	2102748  	2188006  	2216985  	2156382  	5123441  	0        	32.58    	34.00    	29.00    	38.00    	23.00    	40.00    
30       	47084    	942      	2505     	4933     	8078     	13294    	19076    	26488    	35056    	45715    	58450    	73983    	91666    	122593   	147050   	171058   	200123   	234246   	275724   	321268   	375473   	436488   	502236   	577645   	657844   	747371   	841802   	944506   	1055478  	1173700  	1299591  	1429179  	1564413  	1705514  	1842592  	1974693  	2092486  	2169001  	2188725  	2122777  	5048194  	0        	32.45    	34.00    	29.00    	38.00    	23.00    	40.00    
31       	629      	726      	2168     	4198     	7456     	12737    	19361    	26509    	36072    	47278    	61079    	76805    	95994    	126182   	150983   	175265   	205764   	241024   	282318   	330066   	382471   	443719   	511063   	585733   	666870   	755685   	851827   	954093   	1064338  	1179380  	1303518  	1431316  	1564014  	1701087  	1836187  	1959952  	2070320  	2142686  	2159997  	2091711  	5090459  	0        	32.44    	34.00    	29.00    	38.00    	23.00    	40.00    
32       	9696     	1811     	4335     	6969     	10499    	16278    	22813    	30589    	39916    	51921    	65873    	82729    	101261   	135240   	161605   	185702   	215224   	251399   	292919   	339060   	395683   	455853   	522137   	597144   	678245   	762573   	856252   	959489   	1065989  	1179289  	1300692  	1424719  	1555203  	1688111  	1815896  	1935171  	2041670  	2110845  	2126190  	2062787  	5089263  	0        	32.32    	34.00    	28.00    	38.00    	22.00    	40.00    
33       	841      	964      	2579     	5129     	8976     	15601    	22912    	31718    	42207    	54963    	69714    	87357    	108398   	141861   	167379   	193156   	223920   	259708   	301463   	351534   	404854   	464475   	532743   	607889   	688856   	775609   	871112   	971633   	1079545  	1195771  	1315107  	1441300  	1571946  	1699343  	1827892  	1947632  	2044472  	2103409  	2106013  	2027267  	4881792  	0        	32.20    	34.00    	28.00    	38.00    	22.00    	40.00    
34       	1275     	1001     	2824     	5558     	9880     	16998    	25083    	34516    	45675    	59001    	74535    	93151    	114761   	149315   	175366   	200871   	232441   	267509   	311781   	361221   	415360   	475433   	543088   	615666   	696882   	784354   	879515   	977674   	1084503  	1196446  	1312830  	1438244  	1559310  	1685606  	1808081  	1919244  	2007116  	2065908  	2066848  	1997551  	4936619  	0        	32.12    	34.00    	28.00    	38.00    	22.00    	40.00    
35       	1048     	1068     	2814     	5600     	9984     	16831    	25403    	34793    	46148    	60082    	75656    	94688    	115490   	150396   	176277   	201548   	233472   	271257   	313536   	361674   	417991   	477860   	546411   	619629   	700131   	788470   	882939   	983003   	1089651  	1204624  	1321676  	1444360  	1569123  	1696681  	1818524  	1929502  	2020328  	2071483  	2067167  	1981786  	4819936  	0        	32.07    	34.00    	28.00    	38.00    	22.00    	40.00    
36       	1074     	1205     	3349     	6512     	11188    	19105    	28410    	38601    	50658    	65019    	81292    	100910   	123681   	160175   	187619   	213736   	246143   	282747   	325951   	376973   	429768   	492727   	558535   	632415   	711610   	798820   	892282   	990586   	1095131  	1202719  	1320942  	1439226  	1561032  	1683310  	1804225  	1905691  	1991273  	2038993  	2031623  	1946716  	4797068  	0        	31.94    	34.00    	28.00    	38.00    	22.00    	40.00    
37       	54570    	2034     	4776     	8098     	13019    	20743    	30209    	40381    	53038    	67368    	84843    	104137   	126999   	165217   	193084   	219961   	251781   	287710   	331783   	379653   	434234   	494902   	563627   	636172   	718546   	800981   	897040   	993660   	1098161  	1208556  	1321509  	1439950  	1559808  	1681568  	1791516  	1891638  	1968746  	2011910  	1995149  	1912766  	4789197  	0        	31.82    	34.00    	28.00    	38.00    	21.00    	40.00    
38       	1167     	1512     	3908     	7621     	13121    	22347    	33100    	44516    	58835    	74314    	92837    	113660   	138129   	177338   	206638   	234057   	266918   	304702   	348186   	396994   	454390   	515053   	583015   	656808   	736939   	823572   	913342   	1011677  	1114585  	1221430  	1331144  	1449160  	1562143  	1675993  	1780074  	1871698  	1946078  	1974642  	1951941  	1863235  	4672221  	0        	31.69    	33.00    	27.00    	38.00    	21.00    	40.00    
39       	1249     	1546     	4213     	8247     	13984    	23872    	34680    	47640    	62084    	78548    	98264    	119535   	144086   	185171   	214631   	242661   	274513   	314312   	359104   	409819   	464065   	527423   	593792   	667793   	746943   	831239   	924155   	1019206  	1118904  	1224068  	1332600  	1445413  	1557510  	1668050  	1767920  	1856923  	1920442  	1946725  	1924145  	1833176  	4640389  	0        	31.58    	33.00    	27.00    	38.00    	21.00    	40.00    
40       	1630     	1616     	4324     	8394     	14589    	24634    	36838    	48760    	64635    	81528    	101423   	123974   	149123   	190140   	221900   	249238   	282765   	321523   	365163   	415630   	470471   	531778   	600068   	673289   	753955   	837589   	928836   	1023859  	1126334  	1228882  	1336555  	1447017  	1554799  	1665040  	1763832  	1851119  	1909908  	1930128  	1902131  	1803603  	4602020  	0        	31.50    	33.00    	27.00    	38.00    	21.00    	40.00    
41       	1501     	1629     	4410     	8813     	15241    	25630    	37819    	51458    	67097    	84466    	104329   	128153   	153811   	196805   	227622   	255163   	288250   	328652   	372209   	422133   	479020   	540281   	609568   	681442   	764127   	846928   	936875   	1034134  	1132699  	1236299  	1345736  	1453762  	1557561  	1664029  	1758355  	1840317  	1892318  	1909716  	1873395  	1771175  	4546112  	0        	31.41    	33.00    	27.00    	38.00    	21.00    	40.00    
42       	64487    	2238     	5774     	10598    	17510    	30313    	43318    	58420    	74241    	92691    	114323   	137928   	163096   	209464   	242702   	269855   	304186   	341555   	386021   	438092   	492465   	553673   	620948   	694071   	770236   	852438   	940752   	1033410  	1131319  	1230012  	1333130  	1433747  	1539021  	1636116  	1724410  	1805410  	1852862  	1869650  	1834032  	1741681  	4552845  	0        	31.21    	33.00    	27.00    	37.00    	20.00    	40.00    
43       	140393   	2750     	6976     	12540    	20304    	32706    	45788    	60586    	77215    	95866    	117221   	141250   	166613   	214384   	247202   	274962   	307233   	346829   	391882   	442055   	498633   	559008   	625559   	698041   	775828   	857988   	944253   	1038729  	1133594  	1231722  	1334933  	1435643  	1532837  	1629301  	1713902  	1784089  	1833336  	1838529  	1799517  	1702781  	4536062  	0        	31.05    	33.00    	27.00    	37.00    	20.00    	40.00    
44       	1601     	2042     	5558     	10858    	18589    	31505    	45914    	61983    	80454    	100352   	123205   	149139   	176680   	225502   	260185   	288615   	323116   	362227   	407027   	457855   	514907   	576294   	642577   	716407   	796978   	879245   	966381   	1056385  	1151271  	1251267  	1346283  	1447422  	1543216  	1634803  	1714518  	1778960  	1814831  	1817362  	1774331  	1670519  	4422676  	0        	31.04    	33.00    	26.00    	37.00    	20.00    	40.00    
45       	1714     	2335     	6108     	12035    	20397    	34288    	49884    	67458    	85728    	106589   	130124   	157292   	185129   	235408   	269142   	297650   	332711   	372252   	417821   	467924   	522470   	586729   	653067   	723859   	802807   	886416   	970660   	1060559  	1154499  	1250325  	1346864  	1445067  	1536727  	1625864  	1703616  	1761707  	1794777  	1792940  	1744167  	1643664  	4390267  	0        	30.92    	33.00    	26.00    	37.00    	20.00    	40.00    
46       	1750     	2264     	6134     	12129    	20923    	35408    	51080    	68649    	88191    	110930   	135054   	161304   	190993   	241104   	275213   	303938   	339094   	378489   	422568   	474524   	529471   	592840   	659823   	731797   	808601   	889866   	975823   	1065158  	1155889  	1251344  	1345548  	1440687  	1532581  	1617299  	1694005  	1749780  	1782409  	1776650  	1729497  	1625020  	4375213  	0        	30.85    	33.00    	26.00    	37.00    	19.00    	40.00    
47       	5650     	2468     	6759     	13104    	22182    	37936    	55026    	74007    	93742    	116547   	140877   	169101   	198764   	250788   	287243   	315181   	349505   	388514   	434562   	484931   	542090   	603047   	668425   	739061   	816062   	897224   	981964   	1070257  	1160564  	1253563  	1344652  	1437067  	1524905  	1605837  	1677045  	1733053  	1760032  	1752455  	1698121  	1595274  	4341455  	0        	30.73    	32.00    	26.00    	37.00    	19.00    	40.00    
48       	49421    	2732     	7175     	13845    	23395    	39455    	56631    	76521    	97502    	120675   	146451   	174481   	205673   	260101   	295756   	325562   	359162   	398995   	445108   	495593   	551660   	612471   	680434   	750291   	824497   	905690   	986808   	1073985  	1162630  	1249240  	1341826  	1428895  	1512185  	1590816  	1657961  	1706756  	1729489  	1722432  	1669258  	1567530  	4329952  	0        	30.59    	32.00    	26.00    	37.00    	19.00    	40.00    
49       	4424     	2570     	7064     	13635    	23515    	40203    	57983    	77744    	99254    	123393   	149514   	178934   	209900   	264663   	302167   	330217   	364980   	404207   	450967   	503396   	557526   	620391   	687220   	758561   	833172   	913444   	997177   	1082488  	1170762  	1261188  	1355405  	1439736  	1524507  	1600614  	1664901  	1713040  	1731721  	1716155  	1653402  	1546288  	4212612  	0        	30.54    	32.00    	26.00    	37.00    	19.00    	40.00    
50       	2191     	2651     	7269     	14025    	24063    	41574    	60597    	81459    	103637   	129346   	156419   	186291   	218803   	277190   	314381   	343705   	379918   	419801   	466352   	517934   	575445   	638139   	704620   	776567   	852522   	933036   	1015215  	1103452  	1191521  	1279753  	1366516  	1449962  	1525618  	1592743  	1646158  	1680941  	1688591  	1663177  	1599134  	1499460  	4118864  	0        	30.36    	32.00    	25.00    	37.00    	19.00    	40.00    
