388585
100302741
4825
84504
7080
100130155
6860
11166
81551
5136
2253
3170
6656
9965
1995
8822
5342
4843
140828
389058
642423
429
4821
10752
5456
79825
63950
27023
120237
3642
642826
4009
64211
478
90050
5121
1410
81706
6092
253970
222894
9705
1960
79012
6492
146378
92196
6750
5100
84894
168090
8395
100505893
54550
162494
340260
1634
1644
2139
399827
9249
5024
1463
100505978
54207
85409
56936
7681
4661
84631
84448
10215
63973
4762
100137049
100130370
9248
653275
392255
219681
23316
441151
11247
4004
219287
7044
55997
23237
5648
6887
390205
157627
23418
116448
170261
201299
51087
30010
3872
50632
9427
134829
4435
5996
387638
57084
5079
10351
167826
445577
4808
7054
90668
57540
445329
1113
361
399876
152
8447
2899
144347
400043
94030
100529240
23209
56961
4062
10874
58158
5212
22865
140730
100534612
55203
100529855
85508
2020
7276
55107
1066
7200
3752
116
6258
79816
284654
149281
7412
8941
26220
4129
222611
168002
7480
153657
78986
124602
3764
85004
127731
121643
653269
153571
56341
2066
91133
4883
3670
51412
8120
147381
440556
84435
375567
2527
27133
653659
401331
118427
2587
23440
728656
100133545
1005
767
2016
100528018
117154
25787
64377
388015
441204
2918
758
25823
2572
84793
5076
80036
170063
100499227
138046
9884
54567
9350
389766
219670
348807
344838
3738
10858
202374
100527978
129684
3598
3291
341359
1996
6000
285194
100287102
343702
51059
79057
347051
266743
9796
116135
117247
29951
343472
24141
886
5276
84966
400685
390874
140679
27134
8403
10457
256536
9721
92293
55138
23040
644943
7122
1137
653687
283120
7686
54511
254559
53904
64405
54033
1261
26257
147495
84867
8741
56956
4760
51364
10991
340529
51046
55879
216
645811
8001
57497
89780
286464
729956
3483
339479
119587
407738
27132
4753
170302
285489
7471
342096
285800
5475
60598
153910
2306
1311
653643
342527
50944
65217
54437
6261
4036
89
146754
283592
30062
57471
2516
286753
11255
6663
221393
3625
134111
145270
6833
2304
4018
146212
5239
645323
723961
3400
8854
85376
151126
7222
401509
53919
6262
9379
729171
63976
100533105
389206
5457
2566
220382
1958
84059
85445
9890
284800
339983
63923
5743
1297
11122
2561
5803
55806
11170
253738
388815
65268
642366
84467
202559
1381
6469
1268
5800
127254
6900
286204
1959
80725
64399
6585
10382
158326
23544
9745
84858
196475
79625
121256
5334
2891
89846
136227
220965
22915
1271
2261
7547
7101
10814
100131213
55220
64881
219527
388419
84502
92737
5354
5168
441478
777
1745
8857
5992
8549
84063
116442
23026
23213
2042
129293
9480
3358
5582
5502
2173
3785
2596
2353
3780
26508
27289
7479
9066
4133
148252
283576
5592
4610
53353
79698
8618
2019
83481
1293
7852
29944
162282
57689
57348
2904
10418
9024
5455
57144
9378
340419
55885
151790
2302
3175
402665
6252
266722
3169
80217
28514
9229
9423
4884
9353
81796
143282
57501
5596
22866
55964
8788
80070
2
2823
1588
219738
400940
8913
27112
374946
57156
116986
57628
84889
80164
3270
9312
120892
83723
51617
1602
83482
54768
131096
5126
7704
8471
5454
22986
863
4807
1641
1152
117
2583
347731
273
84107
56963
3164
10683
54886
8404
9760
10468
2982
2775
282973
80274
2354
653
6507
2571
119
89876
375057
2893
9892
10297
55816
4135
577
6328
7092
147111
2556
2104
1496
10439
548321
7166
100133121
4885
9901
8013
2254
285888
80125
1288
4915
11189
151473
4741
57622
220963
1735
7089
348174
2262
2781
84125
2006
6695
57595
129881
5321
203429
54855
6490
111
22843
55515
51440
25817
23462
284217
84457
114815
90288
9244
9254
64067
139728
3751
387856
170690
547
85455
2903
57568
6658
4023
1768
4858
256472
55068
54715
7025
7545
4005
641518
760
23504
3749
100505695
1501
8817
131034
5139
347730
56977
2675
284
153020
26077
285533
83886
26290
84915
349136
164395
6372
93986
27324
225689
100130934
8927
1910
4917
1124
79632
219736
1746
23542
84870
6586
2920
9625
7148
64478
56884
4613
11141
25928
220359
64579
8744
400120
56903
57549
57596
404037
8224
23769
494470
84530
29119
221914
2719
8645
1646
375704
9620
399
8577
93145
285175
347689
10900
390598
4856
338761
80243
26033
139189
387597
100131244
50855
8912
100505540
57578
23145
146330
3761
2555
65997
56155
340533
283971
56479
161253
1815
5067
79608
8900
79948
4059
59084
1804
57593
55329
646892
92370
60680
2259
1840
92749
79740
4922
283987
283174
3398
4440
163404
27019
112885
4254
5243
54894
100129583
646201
341640
53942
54413
54102
548596
9935
283480
11033
338651
22941
51285
7102
441631
83643
4185
222183
23114
255743
115827
285513
80258
5153
9447
1600
333
79844
160335
9951
221806
1749
80059
1016
28999
9940
6323
100131825
6543
10529
1281
200373
257407
152189
9627
401491
5909
100144602
415117
57611
2043
27092
2044
63027
5629
8557
9472
27344
388228
5345
57662
7855
100128252
100874012
1036
3746
646576
220136
146177
25794
56896
2747
56171
55512
51050
146760
6657
23017
643224
136332
4747
220164
114792
57801
2921
791114
142680
284339
4897
5858
4929
139411
3798
1952
23127
113230
4625
51704
4547
57758
23149
51655
8825
283869
85442
161497
56832
9783
254050
10446
23024
166614
6855
785
56853
654502
4948
51361
3745
70
2912
65055
10216
575
5292
2620
387509
10882
9547
1944
827
1770
9211
7060
50859
643382
2895
40
23220
8326
11076
791115
10631
10742
491
54897
26050
129804
2735
57643
205428
53405
340348
79977
5396
84189
140578
89944
79192
55966
2295
5453
27151
221981
18
83850
5727
148113
4784
256130
1298
55698
2567
80714
116159
8613
79817
497190
128414
84249
55086
399668
3800
22998
58528
151306
2257
8495
1280
100526761
112476
729747
171019
768239
2842
57139
51176
54873
128344
146713
133923
5802
6861
1628
653641
8532
1392
55118
596
2487
55553
8214
56154
89765
387628
140290
55079
2824
27255
80144
223117
2913
154664
100507421
1286
22983
146562
23671
342035
122060
23057
1879
27285
10912
83988
9314
80031
1028
1299
2662
1006
79870
51673
1645
5625
54510
5733
10699
50614
54101
388336
440730
55502
2917
29114
7732
63895
80319
4978
151742
222643
398
64800
90187
57718
153572
167410
25849
3547
5579
114822
54857
79987
414918
27164
728464
341883
22874
90139
238
81849
252995
6529
127733
79570
153469
83538
9413
65078
54549
23199
55036
400680
114088
143425
776
65012
647310
23329
128434
54798
8938
343990
150
400793
6096
5997
100192386
57030
353149
55117
80852
84707
79656
2657
2898
7291
26153
100131827
10675
10129
84960
9196
57863
10863
9515
4588
115207
2628
182
3280
10265
129080
25789
5973
79774
400961
54674
128153
92815
1890
5013
115948
84630
57731
728591
84900
23401
54331
170692
6423
345895
100132215
30812
10021
8541
219699
57528
199800
56892
375323
9311
6332
5924
2983
64218
128312
4854
610
90293
30061
57495
7373
115703
92369
5414
4281
283554
144571
23632
254263
5649
100507346
100170841
100303491
221191
6374
9170
4137
378108
100130987
10603
169044
284739
56521
57556
84733
642475
23302
6664
57484
58480
727897
29091
255193
167681
401145
57554
83541
27439
492303
645369
4324
9182
9143
26150
9001
282974
10570
23007
222553
2627
283212
6493
7476
414301
4990
100129794
114798
9252
653140
152330
445582
163115
374618
100500862
154661
1040
56141
57167
7538
4774
5801
9256
9148
253128
1750
5864
80318
23225
386757
8382
256435
100132708
170825
399670
164832
100128890
1325
154860
6297
1850
1943
93649
55083
51760
9722
100507194
53616
83543
10718
27087
100133941
3730
100132979
23090
7923
100529239
84814
5662
219972
64388
9942
1136
154313
51222
8321
100240735
100506939
145581
5015
282996
4037
57685
9687
392617
649159
9315
4916
1296
2045
387644
57580
64409
200132
2742
80820
284837
100288413
57460
51761
200150
1795
8535
340277
1953
85407
9863
644353
161835
79605
57480
8622
2166
2788
161725
389549
100507218
347252
8671
10347
7275
10690
57821
6299
83648
51754
10058
254778
57529
3635
100131193
1949
379
9915
729359
80303
120114
220001
83449
9734
116835
9619
81491
100130449
10586
79412
4091
440823
83394
5990
775
268
4239
79846
257357
220004
23416
57216
6339
147645
408263
26040
10389
1565
283248
80333
774
2785
84628
56905
126567
57007
51265
163255
79645
343450
55367
124925
8715
55151
284215
7832
222166
200162
64131
80022
118491
57828
8851
6511
100500815
4582
4093
5364
84898
100271927
219537
24
644019
9806
3790
23208
441272
284207
1993
266727
7761
6535
9308
4921
221424
51310
100130519
23639
2051
117166
22997
164045
3575
54502
90634
9911
91608
286749
8643
22824
65975
55084
387758
5602
54508
57453
409
100507266
727800
100131454
1302
158405
10203
6853
4242
79973
339834
5101
1740
153478
204962
3425
728939
2039
9576
2334
374403
58489
57447
10500
9394
29841
3397
54829
729438
23224
1620
5308
22881
404201
221421
4602
137902
57579
9715
5866
5991
8842
144100
25903
100526833
78997
441869
22999
5122
728723
467
83690
9201
8303
338811
80312
4094
57469
2696
100505678
285195
7439
8425
80310
7162
222962
253559
619279
51540
390660
55638
5064
724033
10715
54361
55592
388
100132923
3624
80154
5187
56135
605
114795
23779
51385
57338
54777
51599
10124
286077
3815
374887
8499
200942
5794
9628
54760
100507433
80150
7869
94015
1951
10278
1917
2308
2731
3399
8514
100132273
11117
57524
154796
25830
222950
147011
388662
53844
57544
9649
51473
729970
124930
148046
155382
100526820
100526835
145258
286343
55605
10891
23072
56967
50512
9543
89958
401720
116372
91947
79845
25805
1843
124093
57657
84033
5138
59
10458
2827
2070
619207
171425
84133
347733
3563
352954
728833
64093
60468
168544
162963
100506084
57597
389813
11013
91319
3757
401898
130271
10734
55582
57716
715
2297
7730
84206
283070
24147
100192378
122481
1757
57666
100534012
135138
23767
338645
51339
196403
85352
79690
284412
123775
126820
23373
54551
79173
10723
9021
8936
9696
81704
53905
57332
100533955
9369
84444
4319
8971
83699
114043
389741
9580
1001
51308
83604
32
7802
197335
57653
92154
460
1842
284040
200424
7473
100507057
80000
9363
93
2035
54478
401375
123096
116412
23178
81788
55859
494514
221178
7090
196385
203062
100526694
440078
441208
64757
5764
51313
11248
30811
158056
284391
5152
51477
54558
2263
51196
80034
2081
57520
401237
55504
116843
4756
4665
55314
57526
5087
440910
121642
63922
79725
51294
89801
421
55722
65251
26045
80119
3084
57537
1008
8828
23263
8660
7976
56142
284004
8399
56145
246181
3667
195828
729533
55190
169834
54734
440905
255374
22838
23135
54681
2562
658
26047
30820
23331
440295
9770
147912
9644
10846
1375
25854
9099
57586
259217
338707
3643
10396
27165
23366
7163
2239
9912
157638
7224
118788
9742
5799
57482
54839
574407
8633
54492
80758
22994
84253
92973
23228
79755
3007
79805
53335
6376
3991
341019
100505795
4857
4060
10014
27075
124152
255057
115701
9455
2977
79258
125058
23151
4542
1285
84307
203228
1139
283177
64919
9759
50649
388324
10243
84879
116444
27143
22943
10420
2548
85444
9118
5789
9289
100126784
10186
8654
100526832
100137047
254122
79730
84954
388152
374378
7775
400713
54932
744
100134713
482
26580
440297
261734
56143
55857
151313
388569
169792
7552
85478
23554
100528030
79971
9545
2890
4010
26052
2674
441094
170685
79929
130574
387712
83872
26175
4329
6550
4851
440299
23098
57186
131405
8444
9920
80321
160622
6509
3975
54805
5287
162699
440081
10788
25861
197407
161436
100289137
51560
5521
441024
347240
64788
84629
100526767
92840
2053
23513
64799
10178
727
4150
64772
57690
84446
225
56265
29901
4171
79776
9569
4855
56992
126295
286319
56776
780
8398
25999
5333
11023
8342
81629
93010
1947
51466
2026
50628
100286979
642846
10518
8997
80728
64122
994
64101
7556
23046
473
55295
55521
1010
20
8325
23239
56131
23148
28968
23254
25759
100861532
146664
728378
7023
5413
200197
10919
11037
100309464
1780
199953
147015
100129543
57692
57577
28996
200844
1630
92312
687
124044
114789
59284
9508
92211
122416
23012
9829
64375
57673
89792
64753
199704
8470
284069
114783
55789
6304
5325
84787
56132
619383
6659
11005
94009
285971
1143
347273
1950
2650
442524
5380
10156
128854
9788
56666
5140
5097
200539
79695
100527950
53841
91147
6567
89853
124045
65982
644096
340371
51295
79923
51533
221527
143458
23762
8324
5129
26053
90525
51750
22875
23089
25925
641455
5424
54976
58494
5063
1047
256329
90557
154865
26167
1287
9088
23281
51062
55450
677
11173
1902
84553
55636
9865
7128
10825
64288
55607
9401
348801
55812
115950
23552
1870
93664
23002
89797
116113
10501
5588
54842
10079
1123
93589
114804
692148
6929
57502
149420
388886
100287765
56928
56997
101060200
65243
284307
55342
374875
23138
64762
375190
414235
153163
89887
1690
54329
22981
2086
951
2624
5174
8317
389432
162655
29942
56136
6489
389333
124540
23174
644656
201161
84850
57513
3727
255738
147923
634
85302
90390
54677
1869
7037
84886
79603
6015
4355
91057
7980
27158
221264
85463
6004
10068
114805
78990
5577
378832
55861
199745
1400
604
57670
79733
387978
56144
1062
5818
79414
401149
374666
727851
2941
57719
9468
10044
80726
64097
55793
5118
100996307
29799
27345
25945
90025
339044
1058
92659
91544
83856
6608
10472
64849
90007
5310
9880
200558
27152
8153
432
202181
91355
29106
26974
3148
4439
113235
401115
147949
51351
79915
55160
1141
41
9781
56849
26011
4248
260294
28992
374872
5600
65057
63035
8019
11039
124222
127833
284403
23119
23363
64359
9510
84058
51741
64793
84101
387640
64410
11159
130888
4117
114899
58473
23321
1632
9700
121274
389906
646903
404217
11064
114821
400927
345462
26523
8864
23171
2948
7469
10024
84440
135154
9858
81931
80209
4998
22832
9444
56895
10459
6091
1038
54956
8313
57706
782
84148
2786
7010
728116
25862
51209
51659
57664
57134
57519
25946
9479
4776
593
25888
22937
79857
23421
3911
64773
23288
221711
80221
117143
54556
93323
10381
6616
388630
440896
79006
10629
58516
84330
4038
57061
55228
728912
222161
57194
84250
284716
26084
3726
389524
100506627
91316
541473
54972
10335
346157
64599
694
79633
57639
3480
653583
55506
152006
83992
91689
8914
84078
113263
6919
145748
728609
339184
729375
2049
220213
57555
643641
221687
729177
64777
157574
159963
11221
1838
57619
8805
9743
55819
150864
116028
7915
255031
4001
27113
56125
26012
9746
10036
55561
55188
91461
84775
93474
100133331
23598
196500
463
55345
22795
57536
138311
112483
57820
9324
6542
2052
284992
10810
65992
9766
729288
80853
221927
80345
22882
80824
2863
196951
9924
78995
150946
57669
375061
415116
54328
4288
10013
55764
389856
3720
8969
10140
65267
93550
11200
165055
6875
23285
107
2040
100129387
246721
57414
57576
255783
79925
151477
10743
10289
85416
8831
80311
10125
100431172
399665
344148
84247
6874
641638
85358
161823
85235
9284
64921
55723
28951
222234
151887
257019
8408
168374
10625
79751
115
165215
25956
1063
51276
54536
90378
283431
100294145
5099
147906
255758
275
117178
441381
3298
389765
10714
51460
5244
5156
22979
25799
121512
84314
10003
3767
25809
7691
56242
51555
8360
84620
348093
21
23318
203238
2946
477
57116
2009
84747
79583
51296
51093
90317
92595
56981
57509
55924
7700
27065
7644
147686
6256
127002
338799
59353
9848
56654
26145
129401
201514
84878
79819
728392
148156
4298
11094
219790
645513
26855
81620
4213
54535
9658
203859
389517
9013
9727
9762
9925
79665
116832
79037
490
27123
2188
10313
641516
8358
26993
23426
80174
25914
222663
79724
84527
153090
359948
439931
8289
3054
4953
285464
54753
7625
3481
79934
6579
9679
167691
1809
221078
57176
56623
23270
10949
84071
6660
5791
7733
23648
321
10826
132949
27443
4294
79598
3014
100534593
4804
6720
54332
3619
26108
6712
79969
8487
286046
6305
54682
63979
1663
286826
8341
317649
6331
114928
57180
8556
2542
65249
642361
727849
23306
9079
3996
54799
29998
7436
995
55182
8448
100507501
3835
441194
23108
8340
4595
57728
407975
9846
440101
8357
84969
162239
26960
57620
7482
126129
5295
4122
899
11270
3980
646300
9794
85446
56917
92285
23113
56138
9203
54800
55800
284129
108
161882
100532737
9825
81571
94104
7703
55643
114793
23133
100532732
2310
1462
7107
6618
55657
3725
9764
55227
5740
81558
22902
256302
653319
23507
10957
157
23095
25845
266655
146057
57466
134353
57026
151230
57479
26049
9656
84826
400027
1363
9757
5326
688
84899
55178
51104
728411
10535
3708
200958
399474
399664
NR_074082
8175
25979
55765
26034
221935
84460
29767
9843
57585
8351
55713
27043
54507
868
8353
7410
114659
5426
23294
90768
375484
8493
58525
54540
115399
23031
1801
100272216
1734
5514
4176
440
84461
91975
3017
157922
169714
339327
100132062
8294
284900
374383
283417
399726
100033431
9139
50804
23564
114991
91404
23623
255403
23359
63893
140710
220441
7840
346007
10172
22869
55225
53340
93594
29070
10426
79867
54665
81928
81557
728239
11096
11004
9684
7153
64220
30837
284252
113130
1787
100507424
25917
283450
220042
5165
140680
728661
9918
646023
112399
79894
85007
9659
1523
1033
100302165
3908
7760
84948
5360
2047
116983
58491
92979
284106
124491
3304
80004
23066
5557
5994
10300
23279
23284
9808
2906
4783
83591
1822
11279
56652
79612
54790
8554
387036
1760
100289178
80263
63915
100272228
613
124401
57819
9726
677766
221443
84132
64901
64946
3665
440689
3590
287
4739
142678
100506071
7465
8344
29952
28981
26999
6536
26160
2495
80162
84765
5569
100506422
9772
2146
5422
1789
1373
3104
5947
100129405
6263
3070
8237
140735
10155
375133
8165
100113407
27005
55695
344405
51195
4796
26086
146909
84187
26039
92
147808
3833
22871
651746
503542
4139
2669
100507043
80010
133015
26505
28970
339942
8940
677769
3910
9752
55920
55388
10947
5893
10950
6844
1763
148398
201725
441081
29911
64207
84749
7016
53635
192683
53358
10615
440270
9213
1119
80206
90990
100008588
100008589
26826
64073
8771
1469
51083
5343
6620
8710
552900
8293
8302
3822
6818
137835
100127888
100507392
3212
386593
84675
2793
22914
7805
144453
388242
1583
728689
947
653427
340061
80833
26191
283316
256076
3213
343578
445372
397
7226
8515
4907
1003
2634
5468
340075
8862
8291
51225
4311
129446
56944
64123
5077
4502
139716
2633
4493
4923
7052
3956
56911
8673
221395
3013
58538
3489
200030
5328
197259
641700
375033
11343
140576
207107
3914
4071
4500
4354
205860
3814
203447
8406
1305
84171
114614
241
201799
2313
116441
55612
83547
414236
149111
220388
51393
90853
5880
54436
7075
6277
2635
56062
50508
64283
1393
54456
6001
84433
2022
22989
100271835
63898
90952
5314
55240
6928
93663
10544
84848
117581
53827
92241
4053
928
441294
7099
1893
23348
10397
53947
255104
51129
646
196051
9123
645864
132720
4681
407977
58504
7139
414899
80380
619568
113828
6282
4217
646329
84632
358
22861
4938
84166
100526836
144501
100463486
284266
4323
100462981
316
164312
857
3856
126326
7262
960
8110
10736
4015
221756
3880
89866
1012
54733
81832
3823
3676
6387
290
26578
441502
54843
148281
54981
100131897
2995
27286
114757
7138
3077
57458
2246
272
6281
55304
4900
822
219833
57172
161176
219285
57574
6446
94274
5355
956
51332
3875
815
79651
3675
84176
94122
306
677805
301
29775
5251
6422
9641
65266
54809
6284
100462977
3601
7035
64855
84766
3939
445815
100532736
2908
126119
2625
2170
9241
94031
9180
2591
8614
5923
3936
4046
100874241
5329
861
3566
375298
5327
122786
64750
8693
51162
2150
2745
57381
54538
7048
29780
10873
6913
5337
1522
579
79953
9630
9056
5366
100528021
133
3556
23052
9603
64084
131566
6781
256691
140766
9945
376267
23338
4837
64114
8793
5271
11098
221336
30011
7318
64859
1364
378805
7006
7039
116535
57552
2203
285761
114801
3710
3688
7022
339535
132014
50486
134
26585
22918
1465
6744
28984
55901
253152
8436
29953
3487
404550
3090
9961
6275
375719
768206
4638
8871
6527
3428
51703
8482
84795
9732
631
9955
408
860
9111
11010
254896
5583
26762
10234
29785
2012
5228
28231
2242
56978
57228
10095
9060
2796
6495
63827
7045
50863
148022
79858
727936
10791
567
3655
2202
353345
2621
302
1307
84251
25996
23371
11031
10103
4318
7984
10653
3673
5696
2004
4258
541471
57559
91768
824
51226
6385
29126
5784
3678
100128553
90627
308
7169
958
387882
10475
2014
8587
90993
81618
7424
64866
6769
684
3431
79669
3488
57608
8038
4286
22898
153684
10461
2280
647033
84525
4487
3787
3897
286297
55075
5734
25923
5358
441432
9957
574036
8794
136853
444
50619
55214
100130880
9411
1794
2847
388610
197021
6840
2113
8553
55092
364
4000
63940
124359
633
5128
55619
2300
8727
7408
134265
7357
353376
8829
11217
51022
283392
6424
10019
11082
1192
4920
23167
165257
7058
22822
133396
5214
29015
55328
558
9200
100133920
4067
5744
2307
7425
26031
3709
2034
23268
726
10395
8754
7040
3958
4940
2181
124976
81035
79026
79674
6747
57211
2182
4124
55300
1312
5896
283349
81839
7849
389289
1471
84959
100507500
100
94120
83851
166929
645166
23037
51809
4267
27122
100533496
11344
118429
3707
10312
8826
440957
8407
54796
54360
3589
2122
219654
10451
93349
80005
55337
131583
9751
1535
8200
30846
54206
79658
5205
7041
7277
10627
80332
5578
11322
2869
5621
10257
56256
5054
25976
1846
79789
10602
81553
91010
6990
10487
1956
100036519
349334
90102
11245
125111
9610
5912
9645
51474
153769
5899
11211
6494
389
3912
25932
83442
5777
2678
220323
27303
64834
64641
51435
392490
51314
8763
64065
311
27185
10587
11227
85449
92689
113146
4637
84815
6948
6867
59269
1264
51330
7942
79890
30844
5216
10398
10404
334
26112
30851
7414
23400
89795
100750247
9695
55601
5294
27314
80019
307
81029
91624
9697
2530
4734
135228
84818
6591
112597
6035
1212
23705
3433
2303
706
2619
152007
26032
966
103910
2589
6029
10109
3074
64236
8601
4478
11046
91351
25758
58472
100507244
10391
54769
9823
2317
1029
5130
3918
26509
81792
64764
309
54625
4277
3257
84981
51200
83468
1294
5223
401494
284297
5236
3690
9590
200916
143
284119
84617
7114
81855
132299
3241
8681
64761
79792
22925
1687
7184
2151
100507436
57045
94121
55256
2162
57124
5452
54602
51390
283464
25816
10553
100302736
80146
29798
162394
127435
1606
57514
7164
11259
3728
10046
27020
54103
4017
1175
339894
6574
81848
57205
5330
2683
3091
5315
3801
340527
255488
54532
9518
414216
51752
55742
26353
23096
8751
1300
29957
2934
10588
51429
11167
26020
3163
3692
3915
1827
29984
7132
27242
800
55691
440672
55827
9168
2184
5269
5580
100506649
8434
195827
66008
55754
831
144402
1295
79365
337876
3383
84141
10901
9948
80176
5033
9780
56951
254228
5230
57493
9074
840
81567
8799
7094
9531
6876
39
7347
10981
56005
7739
55357
55970
54951
23597
5829
6484
5708
6461
2632
55973
149345
160897
9871
2744
664
64747
220002
4313
26575
54863
7905
83666
10484
7127
6856
88745
4919
30001
253461
7076
5701
10094
57099
9096
11034
26230
5530
3855
8091
4811
51714
51131
85027
84910
10217
51347
9446
5581
64787
4233
26292
5721
51056
56128
9886
84570
79624
54495
8869
3628
80723
4597
284615
7430
7165
2264
896
11135
140609
160418
79875
54793
375449
4627
285203
4534
6897
10678
8728
7145
5137
5045
643853
85461
79937
55858
4942
5362
27063
6793
249
284996
5872
967
2762
1739
53916
3251
100996712
50814
51422
84790
55752
5611
79768
7264
5937
81
6899
4882
6237
113402
10519
25992
84875
79839
100861412
10435
10346
7168
10190
813
51375
7511
11015
8915
10550
6238
7881
388962
51719
51119
10097
10213
51301
55002
23586
80854
83935
4299
55223
23093
81624
8797
11120
55824
100131094
54762
643314
373156
2582
130814
57616
11075
196074
4154
54898
3638
55211
7534
1861
5998
1767
7171
26511
8061
152503
55062
64856
6692
811
10096
3998
84852
84876
5092
253827
8974
7873
51699
25960
9636
89796
123920
955
4831
3422
1073
10512
5272
805
23414
4685
2131
11137
23607
3611
83440
23327
10159
4430
9263
144165
259232
51106
121551
3964
25940
7295
6891
2274
10867
64983
475
9276
196527
728577
27350
3654
9749
120
529
1486
92922
8082
56851
143888
26136
9138
9881
81552
23768
151354
23424
132
54621
8546
79627
63874
7837
5770
80267
3159
8985
323
226
7170
54732
2149
9748
829
5699
50515
7444
3895
9414
5167
55276
10486
55971
1826
9554
10589
150684
102
5906
54431
977
1611
5478
100287227
8412
10982
4179
10808
29109
27147
8773
5965
58533
8578
5351
100507463
64094
5163
3107
6166
140876
54187
258010
10098
4008
10940
55568
6231
23659
1728
147968
3309
53842
26010
285362
203427
894
51726
27
7421
11123
6675
6662
1213
1849
55529
7042
64285
1191
10135
140606
3105
6307
386627
8986
1173
140885
54504
10827
9647
5052
22821
56950
101243544
23508
2224
3976
54885
5479
5756
8894
54443
38
79827
9270
23616
4782
5707
1984
123803
9953
2791
23243
84280
6810
5865
79642
440275
11007
55969
5686
4738
55194
6737
10549
140809
6400
29763
155370
1278
1847
3597
8835
9532
55106
7070
6415
54458
5702
1315
170384
55785
55707
5700
23317
64778
157807
649
400916
50999
25966
57168
10015
4162
23480
11161
149951
29071
481
83742
8737
2519
126321
117854
56034
79628
81031
55847
6809
10954
10848
3927
10536
10755
25825
4609
145173
476
55902
51026
5202
79590
2217
4155
611
406
55711
10725
1829
6575
51399
4603
1909
90411
10440
25937
5270
9741
64423
2590
3572
5155
23102
51371
5738
87
7360
367
51126
51382
100287225
26119
9689
90874
51124
11103
9331
3693
7798
445571
25939
48
165
23500
5836
90488
378706
60
2222
9107
5562
8459
56180
10813
57175
100499467
339122
10371
9521
57136
134957
10434
7866
56925
344558
154214
2171
205
4343
27248
65062
2017
80777
7706
8790
65985
7402
400410
25855
4350
5201
435
8496
54434
84305
58527
148170
100288695
50650
80273
7456
27166
114908
1622
382
378
134429
1889
83874
79745
3419
8935
1051
91283
3315
22800
493869
7188
11164
81555
1174
8706
51071
