Pos      	Q0       	Q1       	Q2       	Q3       	Q4       	Q5       	Q6       	Q7       	Q8       	Q9       	Q10      	Q11      	Q12      	Q13      	Q14      	Q15      	Q16      	Q17      	Q18      	Q19      	Q20      	Q21      	Q22      	Q23      	Q24      	Q25      	Q26      	Q27      	Q28      	Q29      	Q30      	Q31      	Q32      	Q33      	Q34      	Q35      	Q36      	Q37      	Q38      	Q39      	Q40      	Q41      	Mean	Median	Lower quartile	Upper quartile	10thpercentile	90thpercentile
1        	2401     	384      	1076     	2230     	3888     	6442     	10010    	14603    	18050    	22363    	28940    	37614    	48022    	64426    	78194    	91408    	108388   	127425   	154451   	185519   	215595   	249432   	288657   	332273   	385758   	447238   	521544   	606795   	711271   	837455   	989764   	1175438  	1402202  	1676471  	2000415  	2365566  	2756169  	3109888  	3314931  	3227099  	5049264  	0        	34.24    	36.00    	32.00    	39.00    	26.00    	40.00    
2        	393      	211      	680      	1407     	2294     	3688     	5228     	7892     	11308    	15965    	22584    	31319    	42268    	58588    	73609    	88754    	108389   	132254   	163661   	200120   	235697   	277397   	324691   	379668   	440757   	513654   	597837   	691452   	801718   	926911   	1073597  	1241657  	1438444  	1667264  	1933414  	2228709  	2538038  	2828243  	3025469  	3035528  	5498302  	0        	34.08    	36.00    	31.00    	39.00    	26.00    	40.00    
3        	68789    	1971     	3225     	3220     	3287     	4638     	6263     	8408     	11476    	15425    	20922    	28671    	37899    	53344    	68066    	82891    	102448   	126106   	156426   	193322   	229930   	273084   	324084   	380266   	446919   	521620   	611169   	710432   	823995   	956676   	1109459  	1283058  	1483539  	1710859  	1967988  	2244277  	2519156  	2760451  	2906991  	2883637  	5524672  	0        	33.96    	36.00    	31.00    	39.00    	26.00    	40.00    
4        	203      	133      	376      	694      	1249     	2087     	3520     	5212     	8089     	11994    	17423    	24561    	33973    	48873    	62344    	77846    	98302    	123062   	154028   	193840   	231810   	277559   	328964   	389661   	456513   	536321   	626427   	727147   	845576   	979459   	1128804  	1301223  	1498336  	1721206  	1965170  	2233106  	2504120  	2734855  	2887666  	2869850  	5557477  	0        	34.04    	36.00    	31.00    	39.00    	26.00    	40.00    
5        	300      	81       	238      	501      	948      	1691     	2868     	4399     	6685     	9903     	14960    	21927    	30538    	43954    	57341    	73007    	94197    	118406   	150813   	191754   	231149   	276860   	330134   	392745   	463351   	542634   	634241   	737555   	857323   	990013   	1143684  	1312678  	1507768  	1727895  	1975177  	2236220  	2504336  	2733803  	2878797  	2857842  	5510343  	0        	34.04    	36.00    	31.00    	39.00    	26.00    	40.00    
6        	172      	74       	169      	458      	734      	1381     	2310     	3714     	5867     	8931     	13477    	19789    	28237    	40849    	54055    	69376    	89524    	113521   	145968   	185032   	225607   	271972   	325748   	388499   	459216   	540066   	632170   	736264   	854003   	985208   	1134453  	1303809  	1493690  	1706744  	1940761  	2200103  	2460790  	2699949  	2864071  	2879645  	5782653  	0        	34.13    	36.00    	31.00    	39.00    	26.00    	40.00    
7        	8451     	696      	1315     	1784     	2141     	2959     	4515     	6194     	8324     	10838    	15314    	21413    	29438    	43036    	56073    	71962    	92309    	116945   	150146   	190614   	232446   	280020   	335245   	399343   	471404   	554747   	650232   	756220   	877822   	1016561  	1167962  	1342467  	1537733  	1754002  	1995044  	2247985  	2500356  	2716446  	2844005  	2812209  	5342343  	0        	33.95    	35.00    	31.00    	38.00    	26.00    	40.00    
8        	81       	76       	208      	403      	734      	1401     	2255     	3653     	5842     	8808     	13468    	19468    	27944    	39818    	53456    	68849    	89378    	114598   	148612   	189629   	231508   	280164   	338206   	402402   	477086   	561012   	657247   	762840   	883182   	1016652  	1169978  	1332961  	1518711  	1724191  	1952163  	2192191  	2434767  	2649701  	2791768  	2795988  	5707660  	0        	34.02    	36.00    	31.00    	39.00    	26.00    	40.00    
9        	23773    	5317     	8016     	7947     	6931     	6219     	6165     	6949     	8819     	11797    	16174    	22968    	31896    	48076    	63421    	80608    	102107   	128699   	165190   	207333   	251303   	302878   	360579   	428632   	504719   	589885   	687974   	795774   	916145   	1050669  	1200220  	1366479  	1547729  	1751208  	1966195  	2193123  	2409025  	2593644  	2695466  	2663346  	5435661  	0        	33.73    	35.00    	31.00    	38.00    	25.00    	40.00    
10       	5518     	75       	252      	486      	1387     	4045     	5931     	7225     	8897     	12026    	17002    	23938    	33325    	48188    	63587    	82300    	104821   	132747   	170914   	216519   	261833   	313726   	374633   	443201   	519928   	610062   	707823   	817229   	939817   	1076280  	1225005  	1389721  	1567630  	1761353  	1964266  	2173022  	2373565  	2537617  	2629252  	2600126  	5443787  	0        	33.68    	35.00    	30.00    	38.00    	25.00    	40.00    
11       	3529     	75       	289      	567      	1010     	1797     	3145     	4872     	7464     	11232    	16840    	24151    	34417    	48097    	63659    	82179    	105756   	134737   	172899   	218240   	266270   	320045   	383272   	453571   	533113   	622890   	722867   	833157   	953850   	1090453  	1236332  	1395906  	1572989  	1762849  	1964854  	2167458  	2367358  	2524210  	2613463  	2577851  	5371346  	0        	33.64    	35.00    	30.00    	38.00    	25.00    	40.00    
12       	84       	75       	214      	466      	823      	1448     	2526     	4065     	6161     	9368     	14170    	21013    	30110    	42928    	57976    	75751    	98298    	126853   	165244   	209439   	254942   	311106   	373514   	445567   	527096   	619036   	720023   	830414   	957095   	1093396  	1242330  	1407280  	1583981  	1777238  	1976141  	2185312  	2384027  	2547210  	2635027  	2595761  	5335551  	0        	33.69    	35.00    	30.00    	38.00    	25.00    	40.00    
13       	299197   	722      	1720     	2608     	3196     	4303     	5426     	6876     	9130     	12828    	18088    	25163    	34499    	51021    	67774    	86053    	108436   	137213   	174654   	220493   	266133   	320366   	381179   	450276   	527605   	615642   	712924   	819801   	935863   	1064442  	1205778  	1358873  	1526849  	1706768  	1898554  	2095227  	2290297  	2451404  	2556493  	2543291  	5671894  	0        	33.36    	35.00    	30.00    	39.00    	25.00    	40.00    
14       	136      	95       	252      	568      	1004     	1864     	3095     	4791     	7599     	11300    	16612    	24488    	33975    	49535    	65678    	84405    	109450   	138721   	178052   	225644   	274189   	329784   	394103   	467163   	548834   	638252   	741061   	851854   	976231   	1112472  	1258043  	1416798  	1591117  	1774689  	1967221  	2165803  	2347047  	2496383  	2570251  	2524235  	5266265  	0        	33.54    	35.00    	30.00    	38.00    	25.00    	40.00    
15       	61       	86       	219      	451      	822      	1566     	2676     	4241     	6528     	10004    	15399    	22370    	31974    	45941    	60440    	80120    	103867   	133754   	172566   	220199   	268603   	326067   	390874   	464352   	548680   	640421   	744073   	856393   	980882   	1118704  	1263742  	1422947  	1596269  	1778235  	1968112  	2159398  	2337367  	2475656  	2555755  	2515388  	5343857  	0        	33.58    	35.00    	30.00    	38.00    	25.00    	40.00    
16       	73       	97       	260      	511      	938      	1751     	2918     	4736     	7303     	10889    	16342    	23646    	33678    	47657    	63488    	82837    	107812   	137666   	178140   	225427   	274307   	331807   	397158   	469571   	553355   	646870   	750191   	864095   	988854   	1126033  	1272699  	1432340  	1607574  	1790629  	1982768  	2169057  	2349420  	2487806  	2552170  	2496423  	5179763  	0        	33.51    	35.00    	30.00    	38.00    	25.00    	40.00    
17       	66       	89       	280      	564      	981      	1863     	3128     	4941     	7667     	11521    	17124    	24867    	35136    	49596    	66526    	86740    	111645   	143083   	183149   	232653   	281502   	339460   	405080   	479787   	564294   	659901   	763737   	875602   	1002894  	1137868  	1285809  	1446249  	1617218  	1797921  	1982581  	2168217  	2335031  	2466245  	2514950  	2451111  	5111983  	0        	33.43    	35.00    	30.00    	38.00    	25.00    	40.00    
18       	109      	105      	330      	599      	1227     	2177     	3810     	5684     	8750     	12794    	19053    	27692    	38481    	54797    	72696    	93482    	119754   	151172   	193004   	243480   	294287   	352499   	419462   	494550   	578915   	672226   	773885   	888051   	1011502  	1145313  	1286272  	1441478  	1606353  	1775754  	1950822  	2123379  	2285749  	2406235  	2464236  	2416134  	5232761  	0        	33.35    	35.00    	30.00    	38.00    	25.00    	40.00    
19       	84       	93       	306      	573      	1123     	2015     	3470     	5562     	8257     	12147    	18202    	26278    	37540    	52678    	70581    	90810    	116573   	148535   	190105   	239934   	290686   	348877   	415675   	492027   	577129   	672390   	775989   	889453   	1013794  	1149454  	1295235  	1450244  	1618316  	1785016  	1963545  	2136237  	2289916  	2411626  	2461033  	2407120  	5200431  	0        	33.36    	35.00    	30.00    	38.00    	25.00    	40.00    
20       	278803   	719      	1410     	1962     	2508     	3535     	5384     	7484     	10494    	15292    	21990    	30826    	42589    	62245    	80902    	102205   	129027   	161101   	203223   	254902   	305944   	362938   	429850   	505391   	588871   	680812   	782086   	893502   	1012680  	1145311  	1287888  	1437539  	1597264  	1765488  	1935857  	2099453  	2248931  	2357262  	2388539  	2321592  	5105260  	0        	32.93    	35.00    	30.00    	38.00    	24.00    	40.00    
21       	80       	111      	363      	708      	1345     	2421     	3898     	6234     	9382     	14049    	20383    	28998    	40637    	57635    	75664    	96966    	123942   	156876   	198740   	250102   	300873   	359832   	427997   	504003   	590193   	684546   	789563   	901786   	1024843  	1161377  	1305477  	1459797  	1623461  	1794824  	1971204  	2139018  	2288079  	2396554  	2430248  	2359680  	5067170  	0        	33.25    	35.00    	30.00    	38.00    	24.00    	40.00    
22       	24283    	529      	1124     	1728     	2441     	3528     	5285     	7471     	10908    	15793    	22971    	32436    	45055    	64876    	85303    	107589   	135725   	169598   	214299   	267737   	318910   	378155   	446029   	522330   	605336   	698157   	801783   	911021   	1033963  	1165330  	1305787  	1455820  	1615488  	1780709  	1947623  	2111623  	2249206  	2353964  	2385642  	2309565  	5053939  	0        	33.10    	35.00    	30.00    	38.00    	24.00    	40.00    
23       	3253     	728      	1422     	2285     	3046     	4512     	6411     	9099     	13299    	18540    	26598    	36659    	49516    	68556    	88736    	111705   	140449   	175622   	219747   	272497   	326622   	386496   	455453   	531689   	618333   	713303   	815424   	928368   	1048936  	1179244  	1318274  	1464981  	1619584  	1779935  	1940819  	2091960  	2225977  	2318203  	2342628  	2272067  	5038083  	0        	33.03    	34.00    	29.00    	38.00    	24.00    	40.00    
24       	125      	190      	542      	1014     	1929     	3431     	5786     	8610     	12776    	18485    	26606    	37075    	50667    	69860    	90090    	114561   	143177   	178794   	223867   	276795   	330449   	391626   	460455   	536534   	623706   	718529   	821799   	934646   	1056574  	1187464  	1328749  	1477269  	1634279  	1794116  	1959510  	2110447  	2238867  	2326660  	2339363  	2251102  	4882535  	0        	32.98    	34.00    	29.00    	38.00    	24.00    	40.00    
25       	122      	243      	575      	1132     	2178     	3938     	6115     	9305     	13879    	19916    	28699    	39750    	53664    	74125    	95563    	118824   	149388   	183948   	229900   	283442   	336890   	397473   	468201   	543225   	629364   	725141   	825171   	937553   	1055789  	1184105  	1321697  	1465813  	1620169  	1773924  	1929022  	2078209  	2211244  	2298630  	2320499  	2246646  	4985588  	0        	32.95    	34.00    	29.00    	38.00    	24.00    	40.00    
26       	256      	408      	1150     	2343     	4316     	7303     	11236    	16234    	22351    	30649    	40173    	52989    	67736    	91157    	112146   	134444   	163291   	195394   	234825   	282147   	335798   	397944   	465731   	544614   	629065   	724117   	828704   	939757   	1061706  	1191993  	1332235  	1479277  	1630899  	1789650  	1943955  	2092193  	2214141  	2292013  	2295616  	2203680  	4805423  	0        	32.79    	34.00    	29.00    	38.00    	24.00    	40.00    
27       	607      	439      	1281     	2630     	4582     	8089     	12434    	17795    	24103    	32739    	43503    	56799    	72032    	97136    	118870   	141645   	169092   	203608   	244027   	289786   	344226   	406646   	475468   	551455   	634282   	729835   	831806   	942608   	1063703  	1191938  	1325763  	1471059  	1620014  	1769981  	1922804  	2059818  	2181567  	2263507  	2272949  	2188110  	4880323  	0        	32.74    	34.00    	29.00    	38.00    	23.00    	40.00    
28       	254      	531      	1542     	2897     	5110     	9121     	13733    	19587    	27122    	36200    	46991    	61539    	77407    	104263   	125771   	149464   	177441   	213223   	251390   	300716   	355639   	416986   	486396   	564298   	648308   	742295   	844433   	956418   	1077326  	1204135  	1337113  	1482573  	1630130  	1780209  	1930104  	2065217  	2178256  	2240617  	2234361  	2136761  	4733182  	0        	32.61    	34.00    	29.00    	38.00    	23.00    	40.00    
29       	253      	608      	1579     	3213     	5627     	9977     	15004    	21174    	28525    	38007    	50062    	64702    	81776    	108081   	130706   	153723   	183425   	218693   	259906   	306443   	360604   	422090   	491507   	568951   	653237   	746986   	845175   	954921   	1072888  	1198701  	1332396  	1471993  	1614601  	1761360  	1905134  	2036757  	2146352  	2215513  	2215186  	2125847  	4847376  	0        	32.58    	34.00    	29.00    	38.00    	23.00    	40.00    
30       	61845    	930      	2451     	4610     	7554     	12005    	17179    	23584    	31277    	40956    	52784    	66862    	83958    	112653   	136386   	160520   	189711   	223502   	264014   	312313   	365283   	427599   	496078   	573321   	659066   	752246   	852235   	962546   	1080522  	1207648  	1341412  	1480235  	1625076  	1768145  	1903902  	2034444  	2136759  	2195615  	2188325  	2091325  	4722183  	0        	32.42    	34.00    	29.00    	38.00    	23.00    	40.00    
31       	299      	696      	1888     	3656     	6640     	11409    	17040    	24033    	32656    	42979    	55903    	71224    	89967    	118308   	142582   	167458   	197002   	231961   	275415   	323545   	379586   	442370   	511749   	590234   	675350   	769830   	871858   	980155   	1099212  	1226373  	1357234  	1496330  	1635156  	1775249  	1912341  	2031905  	2121752  	2172919  	2145486  	2038521  	4620788  	0        	32.36    	34.00    	29.00    	38.00    	23.00    	40.00    
32       	13469    	2277     	4864     	7353     	10352    	15011    	20702    	27556    	36030    	47080    	60260    	75923    	94468    	125132   	149504   	175212   	204567   	240718   	283244   	332688   	388767   	450646   	520256   	597249   	682458   	775845   	876398   	986255   	1102902  	1224238  	1355252  	1489345  	1625754  	1763012  	1895140  	2009115  	2097960  	2141741  	2117776  	2007997  	4634543  	0        	32.25    	34.00    	28.00    	38.00    	22.00    	40.00    
33       	339      	773      	2200     	4318     	7769     	13309    	19750    	27631    	36679    	48410    	62525    	78833    	98179    	129218   	155455   	178923   	209082   	244759   	288946   	337340   	392095   	455385   	523360   	601039   	687626   	779370   	879306   	988933   	1102649  	1226974  	1354632  	1488769  	1623971  	1758200  	1888463  	2006008  	2088796  	2135573  	2110420  	2005954  	4627098  	0        	32.24    	34.00    	28.00    	38.00    	22.00    	40.00    
34       	410      	894      	2385     	5053     	8756     	14809    	22127    	30887    	40852    	52951    	68160    	85366    	106042   	138534   	163989   	189990   	221975   	258337   	303347   	351189   	407880   	472255   	543562   	621812   	705884   	799834   	901758   	1009471  	1124132  	1244005  	1369564  	1503189  	1635682  	1766754  	1886574  	1991349  	2062380  	2092868  	2055404  	1936103  	4472546  	0        	32.05    	34.00    	28.00    	38.00    	22.00    	40.00    
35       	430      	915      	2539     	4933     	8629     	14826    	22721    	30742    	41015    	53688    	69257    	86259    	106198   	138374   	165415   	190856   	220931   	258749   	302489   	352006   	409174   	471026   	543054   	621770   	707133   	798975   	900587   	1007814  	1123219  	1243034  	1371166  	1502484  	1633217  	1760466  	1881124  	1988454  	2060281  	2093611  	2058931  	1943875  	4478692  	0        	32.05    	34.00    	28.00    	38.00    	22.00    	40.00    
36       	479      	1041     	2902     	5510     	9742     	17090    	25213    	34809    	46122    	60172    	75419    	94427    	115261   	149868   	177220   	203685   	235818   	275429   	318633   	369570   	426647   	490989   	561714   	641838   	726133   	817893   	918211   	1023640  	1137425  	1252403  	1377006  	1500211  	1625772  	1748051  	1856706  	1953018  	2017200  	2042013  	2003956  	1890969  	4438854  	0        	31.88    	33.00    	28.00    	38.00    	22.00    	40.00    
37       	77686    	2060     	4807     	8126     	12617    	19495    	27449    	37002    	48503    	61463    	77999    	97035    	118832   	155623   	184526   	210362   	242329   	280446   	326358   	375944   	433690   	496930   	568065   	646900   	731441   	822471   	923296   	1031157  	1143303  	1264232  	1383013  	1509996  	1633463  	1754986  	1861183  	1949678  	2007697  	2019361  	1967950  	1841441  	4310144  	0        	31.69    	33.00    	28.00    	37.00    	21.00    	40.00    
38       	479      	1216     	3503     	6786     	11628    	19713    	29041    	39870    	52854    	68025    	84867    	105253   	128096   	165156   	194500   	221974   	254893   	294589   	338531   	389931   	447272   	512280   	583512   	661672   	747847   	837988   	936476   	1042583  	1152275  	1266912  	1386872  	1507416  	1625866  	1737681  	1845322  	1928594  	1981626  	1986072  	1934166  	1812881  	4322841  	0        	31.65    	33.00    	27.00    	37.00    	21.00    	40.00    
39       	557      	1325     	3695     	7104     	12610    	21086    	30893    	43062    	55774    	71951    	89988    	110696   	134792   	173105   	203161   	230987   	264621   	303432   	349547   	401316   	459903   	524279   	595544   	672169   	758431   	847142   	945688   	1052846  	1157045  	1271820  	1389602  	1508718  	1624505  	1737838  	1836056  	1914616  	1961191  	1961790  	1905680  	1776032  	4258462  	0        	31.54    	33.00    	27.00    	37.00    	21.00    	40.00    
40       	906      	1375     	3748     	7573     	12938    	22198    	32898    	44693    	58869    	75222    	94041    	115577   	140711   	180170   	211527   	238125   	272083   	311742   	358050   	410016   	468853   	533800   	605077   	684045   	767888   	859964   	958294   	1058454  	1166734  	1277368  	1389620  	1503218  	1614804  	1720399  	1811450  	1885626  	1928035  	1926841  	1872181  	1750226  	4293720  	0        	31.45    	33.00    	27.00    	37.00    	21.00    	40.00    
41       	751      	1481     	3980     	7782     	13236    	23108    	34207    	46338    	60405    	77566    	96238    	118207   	143725   	184250   	214624   	242873   	276313   	315482   	364199   	414901   	474719   	541205   	611876   	691209   	775864   	866634   	964985   	1065956  	1174179  	1286108  	1397554  	1512310  	1622106  	1723247  	1812738  	1882625  	1920382  	1916514  	1851287  	1725604  	4212291  	0        	31.38    	33.00    	27.00    	37.00    	21.00    	40.00    
42       	92592    	2092     	5392     	9890     	16494    	27395    	39868    	53700    	68487    	86220    	105765   	128555   	153033   	198902   	230622   	257727   	293164   	333261   	379789   	430231   	489828   	554985   	625008   	702021   	785600   	872457   	968169   	1068754  	1171975  	1278656  	1388628  	1495302  	1602623  	1700439  	1787626  	1850644  	1882298  	1871757  	1807613  	1680433  	4171064  	0        	31.12    	33.00    	27.00    	37.00    	20.00    	40.00    
43       	192387   	2764     	6893     	12378    	19319    	30537    	42279    	55602    	70858    	88559    	108805   	131610   	156957   	201710   	234730   	262667   	297211   	337864   	384142   	435592   	494944   	558424   	630543   	705452   	790123   	878044   	972369   	1073331  	1174770  	1282769  	1387058  	1494271  	1597456  	1691861  	1770709  	1830800  	1855555  	1834710  	1766346  	1639118  	4167542  	0        	30.94    	33.00    	27.00    	37.00    	20.00    	40.00    
44       	720      	1846     	4773     	9398     	16427    	28076    	41153    	55864    	72972    	91635    	113897   	137081   	165173   	209672   	242997   	272564   	306252   	349285   	394809   	448534   	507250   	572491   	643743   	721453   	806664   	893641   	989253   	1084786  	1188040  	1292591  	1396967  	1497946  	1594759  	1688163  	1763660  	1817437  	1842796  	1824342  	1760358  	1637135  	4182456  	0        	31.05    	33.00    	27.00    	37.00    	20.00    	40.00    
45       	868      	2090     	5645     	10746    	18214    	31415    	44882    	61267    	79392    	99185    	122201   	147153   	176179   	223316   	256709   	286401   	323193   	363043   	411544   	465093   	523932   	591093   	659270   	737211   	821190   	908504   	1000781  	1100042  	1197515  	1299592  	1399565  	1496194  	1590094  	1673197  	1743402  	1790230  	1809375  	1784628  	1715110  	1592846  	4106752  	0        	30.88    	32.00    	26.00    	37.00    	20.00    	40.00    
46       	759      	1938     	5453     	10720    	18337    	31780    	46029    	62296    	80615    	100871   	125327   	150009   	178793   	227275   	261571   	289503   	327276   	368417   	415517   	469607   	530736   	596041   	666976   	744562   	827857   	916685   	1009982  	1106514  	1203987  	1306650  	1406729  	1503655  	1599461  	1682550  	1750948  	1793887  	1805181  	1775432  	1695715  	1564388  	4009030  	0        	30.80    	32.00    	26.00    	37.00    	20.00    	40.00    
47       	6272     	2391     	6401     	12033    	20329    	34505    	50312    	67417    	86838    	108195   	132125   	159110   	188117   	238806   	272985   	303193   	339230   	380221   	428533   	482336   	542791   	606655   	678853   	756268   	838421   	925398   	1016208  	1111696  	1210721  	1311622  	1408117  	1504117  	1589200  	1668563  	1729044  	1769275  	1774677  	1738883  	1660887  	1532216  	3976098  	0        	30.66    	32.00    	26.00    	37.00    	19.00    	40.00    
48       	69205    	2487     	6675     	12803    	21690    	36336    	52218    	70160    	90271    	112849   	138152   	165948   	195623   	249493   	285951   	314975   	351549   	392931   	441002   	496105   	555185   	620175   	690138   	768221   	848515   	931967   	1022662  	1116329  	1209395  	1301228  	1397150  	1487005  	1571940  	1645634  	1705728  	1741415  	1744789  	1709318  	1632322  	1504880  	3958640  	0        	30.48    	32.00    	26.00    	37.00    	19.00    	40.00    
49       	3454     	2213     	6009     	12012    	20444    	35258    	51316    	68832    	88491    	110984   	136068   	164151   	193413   	244543   	280941   	309955   	347575   	389478   	437069   	491829   	551334   	616611   	687399   	763765   	848368   	933297   	1025253  	1119220  	1215024  	1308707  	1406144  	1497578  	1581630  	1653627  	1714785  	1749626  	1753970  	1722002  	1637659  	1512593  	3976432  	0        	30.58    	32.00    	26.00    	37.00    	19.00    	40.00    
50       	904      	2288     	6455     	12816    	22031    	37996    	55419    	75189    	96647    	120713   	147669   	176643   	209551   	263651   	301448   	332548   	370183   	413285   	461929   	517439   	579021   	644697   	715687   	792738   	876884   	963161   	1054819  	1144312  	1238328  	1329073  	1420610  	1502790  	1580647  	1644292  	1685007  	1704401  	1698068  	1653434  	1566066  	1447202  	3803018  	0        	30.30    	32.00    	25.00    	37.00    	19.00    	40.00    
Clean Quality Value Distribute
Pos      	Q0       	Q1       	Q2       	Q3       	Q4       	Q5       	Q6       	Q7       	Q8       	Q9       	Q10      	Q11      	Q12      	Q13      	Q14      	Q15      	Q16      	Q17      	Q18      	Q19      	Q20      	Q21      	Q22      	Q23      	Q24      	Q25      	Q26      	Q27      	Q28      	Q29      	Q30      	Q31      	Q32      	Q33      	Q34      	Q35      	Q36      	Q37      	Q38      	Q39      	Q40      	Q41      	Mean	Median	Lower quartile	Upper quartile	10thpercentile	90thpercentile
1        	2396     	384      	1076     	2230     	3888     	6439     	10009    	14599    	18048    	22360    	28937    	37609    	48016    	64413    	78177    	91393    	108367   	127402   	154421   	185468   	215556   	249354   	288567   	332181   	385637   	447097   	521333   	606538   	710954   	837027   	989250   	1174732  	1401324  	1675327  	1998978  	2363820  	2754045  	3107408  	3312090  	3223982  	5041829  	0        	34.24    	36.00    	32.00    	39.00    	26.00    	40.00    
2        	388      	211      	680      	1407     	2292     	3687     	5227     	7890     	11307    	15963    	22583    	31313    	42266    	58579    	73599    	88743    	108380   	132233   	163638   	200077   	235658   	277355   	324630   	379589   	440666   	513545   	597698   	691266   	801525   	926644   	1073283  	1241244  	1437933  	1666602  	1932539  	2227552  	2536439  	2825941  	3022426  	3031957  	5487706  	0        	34.08    	36.00    	31.00    	39.00    	26.00    	40.00    
3        	68724    	1970     	3224     	3220     	3286     	4638     	6262     	8405     	11474    	15424    	20914    	28664    	37893    	53330    	68047    	82870    	102432   	126077   	156374   	193264   	229871   	273018   	323961   	380158   	446779   	521463   	610961   	710218   	823711   	956345   	1109058  	1282569  	1482947  	1710156  	1967076  	2243109  	2517637  	2758587  	2904613  	2880595  	5513337  	0        	33.96    	36.00    	31.00    	39.00    	26.00    	40.00    
4        	201      	133      	376      	693      	1248     	2086     	3519     	5210     	8086     	11991    	17417    	24554    	33965    	48859    	62332    	77827    	98274    	123032   	153988   	193777   	231747   	277471   	328869   	389532   	456333   	536106   	626184   	726822   	845191   	979011   	1128274  	1300563  	1497432  	1720094  	1963736  	2231310  	2501907  	2732106  	2884398  	2866353  	5551654  	0        	34.04    	36.00    	31.00    	39.00    	26.00    	40.00    
5        	297      	81       	238      	501      	948      	1689     	2867     	4399     	6683     	9902     	14958    	21918    	30529    	43946    	57332    	72991    	94179    	118376   	150771   	191695   	231072   	276772   	330017   	392600   	463189   	542424   	633945   	737234   	856945   	989544   	1143123  	1312033  	1506874  	1726830  	1973814  	2234555  	2502157  	2731104  	2875619  	2854613  	5503897  	0        	34.04    	36.00    	31.00    	39.00    	26.00    	40.00    
6        	171      	73       	169      	458      	733      	1379     	2310     	3710     	5864     	8923     	13467    	19777    	28217    	40825    	54032    	69342    	89483    	113459   	145881   	184931   	225481   	271796   	325576   	388291   	458970   	539767   	631812   	735830   	853524   	984662   	1133717  	1302983  	1492715  	1705593  	1939457  	2198469  	2458892  	2697568  	2861520  	2876788  	5776046  	0        	34.12    	36.00    	31.00    	39.00    	26.00    	40.00    
7        	8440     	696      	1315     	1784     	2140     	2959     	4512     	6192     	8322     	10825    	15297    	21399    	29403    	43002    	56017    	71895    	92216    	116824   	150008   	190440   	232222   	279778   	334938   	398951   	470997   	554267   	649630   	755537   	876999   	1015623  	1166895  	1341275  	1536319  	1752590  	1993385  	2246163  	2498397  	2714406  	2841966  	2810280  	5338357  	0        	33.95    	35.00    	31.00    	38.00    	26.00    	40.00    
8        	80       	76       	208      	403      	734      	1400     	2255     	3653     	5840     	8807     	13466    	19468    	27940    	39810    	53447    	68843    	89366    	114585   	148583   	189595   	231461   	280105   	338139   	402304   	476977   	560856   	657079   	762608   	882888   	1016289  	1169567  	1332448  	1518020  	1723389  	1951153  	2190892  	2432969  	2647597  	2788858  	2792508  	5697995  	0        	34.02    	36.00    	31.00    	39.00    	26.00    	40.00    
9        	23765    	5317     	8015     	7945     	6927     	6217     	6157     	6947     	8814     	11794    	16167    	22962    	31891    	48067    	63408    	80590    	102086   	128676   	165154   	207286   	251251   	302802   	360490   	428535   	504588   	589722   	687768   	795539   	915834   	1050310  	1199753  	1365970  	1547073  	1750370  	1965153  	2191785  	2407364  	2591493  	2692866  	2660222  	5425588  	0        	33.73    	35.00    	31.00    	38.00    	25.00    	40.00    
10       	5517     	75       	252      	486      	1386     	4043     	5931     	7223     	8896     	12020    	16996    	23926    	33319    	48171    	63563    	82269    	104799   	132713   	170865   	216434   	261760   	313622   	374493   	443001   	519698   	609788   	707527   	816857   	939365   	1075727  	1224344  	1388905  	1566613  	1760083  	1962828  	2171182  	2371442  	2535078  	2626437  	2597198  	5437829  	0        	33.68    	35.00    	30.00    	38.00    	25.00    	40.00    
11       	3525     	75       	289      	567      	1010     	1797     	3144     	4871     	7463     	11231    	16838    	24147    	34409    	48085    	63653    	82163    	105738   	134699   	172860   	218173   	266195   	319964   	383165   	453413   	532935   	622653   	722615   	832817   	953444   	1089970  	1235756  	1395184  	1572108  	1761843  	1963500  	2165873  	2365383  	2521798  	2610719  	2574873  	5363716  	0        	33.63    	35.00    	30.00    	38.00    	25.00    	40.00    
12       	80       	75       	214      	466      	823      	1448     	2525     	4065     	6160     	9366     	14169    	21007    	30101    	42920    	57969    	75741    	98270    	126826   	165181   	209382   	254871   	311009   	373379   	445402   	526910   	618773   	719663   	830025   	956605   	1092775  	1241625  	1406414  	1582963  	1776057  	1974703  	2183541  	2381870  	2544706  	2632200  	2592803  	5329579  	0        	33.69    	35.00    	30.00    	38.00    	25.00    	40.00    
13       	299171   	722      	1720     	2608     	3196     	4301     	5424     	6876     	9129     	12826    	18087    	25158    	34494    	51008    	67762    	86038    	108408   	137179   	174593   	220422   	266028   	320255   	381018   	450105   	527389   	615360   	712632   	819407   	935390   	1063895  	1205137  	1358078  	1525842  	1705603  	1897183  	2093588  	2288419  	2449127  	2553878  	2540394  	5664811  	0        	33.36    	35.00    	30.00    	39.00    	25.00    	40.00    
14       	129      	95       	252      	568      	1004     	1864     	3095     	4790     	7599     	11296    	16608    	24486    	33972    	49528    	65670    	84391    	109433   	138704   	178007   	225589   	274124   	329716   	394012   	467049   	548670   	638029   	740793   	851560   	975863   	1111962  	1257464  	1416045  	1590247  	1773613  	1965878  	2164108  	2345014  	2494078  	2567507  	2521099  	5258750  	0        	33.54    	35.00    	30.00    	38.00    	25.00    	40.00    
15       	60       	86       	219      	451      	822      	1565     	2674     	4239     	6527     	10001    	15393    	22364    	31964    	45917    	60400    	80085    	103812   	133689   	172468   	220101   	268458   	325866   	390671   	464084   	548353   	640076   	743620   	855869   	980283   	1117975  	1262903  	1421945  	1595069  	1776799  	1966425  	2157472  	2335228  	2473248  	2553281  	2512956  	5339243  	0        	33.58    	35.00    	30.00    	38.00    	25.00    	40.00    
16       	73       	97       	260      	511      	938      	1751     	2918     	4735     	7303     	10887    	16342    	23644    	33674    	47652    	63477    	82828    	107796   	137645   	178109   	225387   	274259   	331752   	397069   	469451   	553200   	646681   	749931   	863781   	988481   	1125540  	1272138  	1431660  	1606759  	1789596  	1981483  	2167565  	2347497  	2485429  	2549344  	2493125  	5171893  	0        	33.50    	35.00    	30.00    	38.00    	25.00    	40.00    
17       	66       	89       	280      	564      	981      	1862     	3128     	4939     	7664     	11515    	17120    	24863    	35126    	49574    	66503    	86709    	111615   	143041   	183082   	232562   	281375   	339324   	404922   	479593   	564039   	659603   	763389   	875170   	1002438  	1137280  	1285139  	1445431  	1616236  	1796743  	1981275  	2166647  	2333186  	2464043  	2512515  	2448365  	5104665  	0        	33.42    	35.00    	30.00    	38.00    	25.00    	40.00    
18       	108      	105      	330      	599      	1227     	2177     	3807     	5681     	8746     	12780    	19033    	27674    	38456    	54760    	72648    	93420    	119659   	151076   	192847   	243300   	294088   	352273   	419172   	494203   	578491   	671714   	773366   	887393   	1010790  	1144472  	1285293  	1440315  	1605055  	1774274  	1949192  	2121510  	2283889  	2404226  	2462270  	2414170  	5228072  	0        	33.35    	35.00    	30.00    	38.00    	25.00    	40.00    
19       	78       	93       	305      	573      	1123     	2015     	3468     	5560     	8254     	12142    	18192    	26259    	37519    	52653    	70548    	90756    	116499   	148451   	189974   	239782   	290500   	348612   	415361   	491662   	576728   	671877   	775375   	888715   	1012928  	1148488  	1294059  	1448851  	1616618  	1783241  	1961482  	2134069  	2287615  	2409625  	2459108  	2405518  	5197985  	0        	33.36    	35.00    	30.00    	38.00    	25.00    	40.00    
20       	278571   	719      	1409     	1962     	2508     	3534     	5383     	7483     	10493    	15289    	21986    	30820    	42584    	62232    	80889    	102180   	128989   	161062   	203161   	254811   	305840   	362804   	429657   	505198   	588595   	680498   	781687   	893021   	1012082  	1144623  	1286956  	1436498  	1596008  	1764024  	1934012  	2097337  	2246515  	2354679  	2385986  	2319283  	5101293  	0        	32.93    	35.00    	30.00    	38.00    	24.00    	40.00    
21       	75       	111      	363      	707      	1344     	2421     	3898     	6231     	9380     	14049    	20378    	28990    	40624    	57628    	75641    	96943    	123920   	156822   	198671   	250020   	300777   	359701   	427826   	503770   	589904   	684203   	789159   	901288   	1024216  	1160634  	1304630  	1458675  	1622226  	1793342  	1969433  	2136987  	2285761  	2393945  	2427565  	2357180  	5063223  	0        	33.25    	35.00    	30.00    	38.00    	24.00    	40.00    
22       	24249    	529      	1123     	1726     	2438     	3527     	5285     	7469     	10905    	15787    	22966    	32425    	45040    	64852    	85270    	107546   	135660   	169511   	214184   	267566   	318683   	377878   	445676   	521903   	604732   	697467   	800915   	909963   	1032778  	1163789  	1304053  	1453882  	1613357  	1778621  	1945555  	2109757  	2247571  	2352533  	2384480  	2308619  	5052391  	0        	33.10    	35.00    	30.00    	38.00    	24.00    	40.00    
23       	3249     	726      	1420     	2282     	3045     	4509     	6405     	9095     	13287    	18526    	26575    	36629    	49464    	68506    	88660    	111599   	140336   	175489   	219559   	272285   	326376   	386215   	455055   	531262   	617815   	712708   	814732   	927558   	1048080  	1178191  	1317075  	1463608  	1618052  	1778260  	1939048  	2090102  	2224065  	2316308  	2340905  	2270507  	5035093  	0        	33.03    	34.00    	29.00    	38.00    	24.00    	40.00    
24       	117      	190      	542      	1013     	1927     	3428     	5780     	8602     	12767    	18472    	26577    	37046    	50631    	69812    	90018    	114482   	143069   	178657   	223713   	276613   	330222   	391364   	460168   	536175   	623273   	718022   	821238   	933958   	1055813  	1186624  	1327761  	1476172  	1633056  	1792691  	1957970  	2108792  	2237019  	2324749  	2337402  	2249129  	4877607  	0        	32.98    	34.00    	29.00    	38.00    	24.00    	40.00    
25       	105      	243      	575      	1132     	2176     	3936     	6107     	9295     	13865    	19896    	28667    	39697    	53599    	74024    	95452    	118685   	149211   	183717   	229613   	283095   	336514   	397017   	467708   	542627   	628657   	724383   	824319   	936604   	1054706  	1182987  	1320462  	1464441  	1618743  	1772387  	1927403  	2076632  	2209638  	2297157  	2319088  	2245373  	4982725  	0        	32.95    	34.00    	29.00    	38.00    	24.00    	40.00    
26       	219      	408      	1150     	2342     	4315     	7302     	11234    	16230    	22345    	30641    	40163    	52969    	67713    	91133    	112109   	134370   	163219   	195296   	234690   	282007   	335629   	397722   	465489   	544281   	628660   	723631   	828149   	939075   	1060970  	1191063  	1331208  	1478104  	1629527  	1788105  	1942183  	2090326  	2212095  	2289876  	2293599  	2201630  	4801484  	0        	32.79    	34.00    	29.00    	38.00    	24.00    	40.00    
27       	575      	438      	1281     	2629     	4582     	8086     	12433    	17791    	24099    	32728    	43488    	56787    	72021    	97104    	118831   	141610   	169050   	203561   	243936   	289688   	344112   	406493   	475275   	551216   	634026   	729517   	831399   	942151   	1063125  	1191242  	1324900  	1470072  	1618846  	1768636  	1921159  	2058036  	2179498  	2261137  	2270474  	2185716  	4874913  	0        	32.74    	34.00    	29.00    	38.00    	23.00    	40.00    
28       	220      	530      	1542     	2895     	5103     	9104     	13710    	19560    	27078    	36144    	46898    	61432    	77285    	104064   	125558   	149219   	177161   	212918   	251030   	300269   	355103   	416436   	485743   	563624   	647528   	741396   	843414   	955360   	1076231  	1202828  	1335863  	1481261  	1628768  	1778777  	1928766  	2063920  	2176898  	2239424  	2233265  	2135806  	4730530  	0        	32.61    	34.00    	29.00    	38.00    	23.00    	40.00    
29       	218      	608      	1579     	3212     	5624     	9975     	15001    	21167    	28516    	37998    	50044    	64671    	81737    	108046   	130663   	153643   	183335   	218582   	259752   	306270   	360395   	421843   	491215   	568555   	652784   	746434   	844503   	954131   	1071964  	1197584  	1331097  	1470467  	1612937  	1759553  	1903184  	2034689  	2144375  	2213544  	2213488  	2124344  	4844934  	0        	32.58    	34.00    	29.00    	38.00    	23.00    	40.00    
30       	61793    	929      	2450     	4610     	7551     	12004    	17177    	23577    	31269    	40943    	52768    	66847    	83932    	112620   	136340   	160448   	189621   	223387   	263887   	312152   	365091   	427389   	495786   	573011   	658627   	751794   	851663   	961816   	1079696  	1206703  	1340273  	1478911  	1623593  	1766472  	1902077  	2032501  	2134733  	2193474  	2186294  	2089535  	4718917  	0        	32.42    	34.00    	29.00    	38.00    	23.00    	40.00    
31       	262      	696      	1888     	3656     	6640     	11409    	17037    	24030    	32645    	42970    	55888    	71210    	89942    	118275   	142539   	167400   	196922   	231867   	275305   	323431   	379428   	442188   	511486   	589989   	675027   	769443   	871421   	979639   	1098590  	1225588  	1356323  	1495372  	1633998  	1773941  	1910747  	2030183  	2119810  	2170754  	2143150  	2036164  	4615408  	0        	32.36    	34.00    	29.00    	38.00    	23.00    	40.00    
32       	13406    	2275     	4861     	7351     	10344    	15001    	20689    	27547    	36015    	47066    	60238    	75893    	94428    	125089   	149442   	175144   	204470   	240605   	283115   	332517   	388559   	450409   	519973   	596914   	682076   	775370   	875863   	985525   	1102083  	1223305  	1354150  	1488038  	1624248  	1761381  	1893328  	2007193  	2096006  	2139792  	2115832  	2006304  	4630816  	0        	32.25    	34.00    	28.00    	38.00    	22.00    	40.00    
33       	296      	773      	2197     	4318     	7766     	13306    	19742    	27627    	36667    	48394    	62512    	78810    	98152    	129174   	155410   	178862   	209002   	244664   	288838   	337195   	391915   	455162   	523130   	600732   	687306   	778977   	878836   	988439   	1102024  	1226257  	1353836  	1487852  	1622938  	1757018  	1887115  	2004442  	2087032  	2133655  	2108349  	2003834  	4620107  	0        	32.24    	34.00    	28.00    	38.00    	22.00    	40.00    
34       	346      	894      	2385     	5051     	8753     	14801    	22114    	30876    	40833    	52930    	68130    	85321    	105985   	138443   	163877   	189865   	221803   	258138   	303132   	350939   	407578   	471895   	543118   	621287   	705308   	799151   	900980   	1008504  	1123117  	1242816  	1368262  	1501806  	1634203  	1765197  	1884950  	1989704  	2060776  	2091328  	2053967  	1934849  	4469249  	0        	32.05    	34.00    	28.00    	38.00    	22.00    	40.00    
35       	364      	915      	2538     	4927     	8627     	14818    	22710    	30720    	40987    	53653    	69211    	86200    	106109   	138266   	165275   	190684   	220742   	258468   	302152   	351608   	408656   	470450   	542363   	620887   	706177   	797908   	899420   	1006451  	1121737  	1241453  	1369524  	1500847  	1631623  	1758952  	1879714  	1987131  	2059122  	2092585  	2058083  	1943185  	4477419  	0        	32.05    	34.00    	28.00    	38.00    	22.00    	40.00    
36       	402      	1041     	2902     	5507     	9739     	17088    	25208    	34800    	46108    	60150    	75390    	94387    	115215   	149799   	177143   	203588   	235704   	275292   	318462   	369338   	426416   	490690   	561401   	641422   	725666   	817338   	917575   	1022886  	1136516  	1251365  	1375801  	1498874  	1624278  	1746395  	1854976  	1951238  	2015271  	2040098  	2002132  	1889347  	4435713  	0        	31.88    	33.00    	28.00    	38.00    	22.00    	40.00    
37       	77549    	2060     	4807     	8119     	12610    	19470    	27412    	36949    	48422    	61358    	77847    	96841    	118613   	155310   	184151   	209912   	241861   	279990   	325788   	375292   	433060   	496231   	567256   	646009   	730489   	821421   	922239   	1030041  	1142140  	1263075  	1381841  	1508808  	1632260  	1753818  	1860059  	1948589  	2006653  	2018419  	1967089  	1840731  	4308072  	0        	31.70    	33.00    	28.00    	37.00    	21.00    	40.00    
38       	429      	1214     	3502     	6784     	11627    	19708    	29037    	39857    	52837    	68001    	84836    	105219   	128050   	165084   	194429   	221889   	254779   	294446   	338378   	389764   	447044   	512023   	583218   	661297   	747404   	837472   	935903   	1041867  	1151471  	1265927  	1385817  	1506255  	1624603  	1736160  	1843652  	1926823  	1979642  	1984025  	1932281  	1811007  	4318900  	0        	31.65    	33.00    	27.00    	37.00    	21.00    	40.00    
39       	485      	1324     	3694     	7097     	12603    	21068    	30855    	43017    	55719    	71868    	89865    	110536   	134600   	172847   	202824   	230650   	264235   	302989   	349027   	400745   	459265   	523518   	594764   	671280   	757455   	846097   	944521   	1051700  	1155840  	1270508  	1388343  	1507439  	1623230  	1736601  	1834859  	1913415  	1960160  	1960850  	1904805  	1775311  	4256652  	0        	31.54    	33.00    	27.00    	37.00    	21.00    	40.00    
40       	826      	1375     	3748     	7571     	12936    	22195    	32892    	44686    	58853    	75197    	94014    	115532   	140668   	180103   	211441   	238020   	271959   	311601   	357873   	409846   	468622   	533503   	604753   	683632   	767360   	859419   	957649   	1057672  	1165847  	1276340  	1388465  	1501900  	1613411  	1718830  	1809770  	1883785  	1926102  	1924950  	1870406  	1748616  	4290293  	0        	31.45    	33.00    	27.00    	37.00    	21.00    	40.00    
41       	674      	1481     	3979     	7780     	13231    	23101    	34196    	46318    	60368    	77525    	96173    	118130   	143633   	184107   	214454   	242674   	276086   	315230   	363871   	414533   	474285   	540697   	611288   	690560   	775081   	865763   	964000   	1064922  	1173034  	1284772  	1396202  	1510882  	1620676  	1721832  	1811309  	1881257  	1919049  	1915279  	1850215  	1724537  	4209477  	0        	31.38    	33.00    	27.00    	37.00    	21.00    	40.00    
42       	92429    	2090     	5386     	9886     	16486    	27386    	39846    	53670    	68454    	86187    	105708   	128488   	152964   	198783   	230486   	257579   	292993   	333065   	379535   	429961   	489495   	554591   	624570   	701481   	784975   	871753   	967333   	1067759  	1170885  	1277499  	1387320  	1493853  	1601056  	1698815  	1785914  	1848924  	1880607  	1870258  	1806221  	1679249  	4168721  	0        	31.12    	33.00    	27.00    	37.00    	20.00    	40.00    
43       	192211   	2764     	6891     	12368    	19314    	30529    	42260    	55585    	70832    	88507    	108738   	131544   	156852   	201573   	234567   	262481   	296958   	337594   	383783   	435194   	494458   	557830   	629917   	704751   	789240   	877079   	971305   	1072094  	1173458  	1281396  	1385626  	1492770  	1595854  	1690364  	1769151  	1829414  	1854302  	1833575  	1765354  	1638313  	4165865  	0        	30.94    	33.00    	27.00    	37.00    	20.00    	40.00    
44       	640      	1846     	4773     	9395     	16425    	28064    	41134    	55844    	72947    	91590    	113854   	137004   	165081   	209560   	242856   	272409   	306060   	349088   	394574   	448241   	506941   	572105   	643289   	720942   	806110   	893008   	988541   	1084015  	1187130  	1291542  	1395888  	1496785  	1593435  	1686777  	1762064  	1815962  	1841296  	1822683  	1758847  	1635647  	4178269  	0        	31.05    	33.00    	27.00    	37.00    	20.00    	40.00    
45       	779      	2089     	5642     	10742    	18208    	31401    	44866    	61239    	79360    	99154    	122131   	147091   	176085   	223203   	256567   	286259   	322977   	362819   	411288   	464778   	523535   	590652   	658733   	736606   	820421   	907648   	999853   	1098989  	1196348  	1298282  	1398099  	1494665  	1588481  	1671561  	1741798  	1788694  	1807942  	1783230  	1713973  	1591787  	4104686  	0        	30.88    	32.00    	26.00    	37.00    	20.00    	40.00    
46       	684      	1935     	5451     	10717    	18337    	31762    	46000    	62263    	80563    	100799   	125244   	149920   	178661   	227094   	261364   	289246   	326981   	368110   	415123   	469174   	530251   	595466   	666351   	743856   	827013   	915843   	1008965  	1105402  	1202722  	1305395  	1405394  	1502295  	1598074  	1681122  	1749585  	1792557  	1803888  	1774148  	1694650  	1563476  	4006780  	0        	30.80    	32.00    	26.00    	37.00    	20.00    	40.00    
47       	6184     	2391     	6398     	12025    	20319    	34493    	50292    	67395    	86791    	108128   	132053   	159020   	187997   	238664   	272834   	302965   	339005   	379955   	428188   	481973   	542353   	606130   	678326   	755610   	837635   	924549   	1015215  	1110615  	1209537  	1310376  	1406803  	1502686  	1587689  	1667012  	1727501  	1767745  	1773308  	1737622  	1659755  	1531164  	3973960  	0        	30.66    	32.00    	26.00    	37.00    	19.00    	40.00    
48       	69076    	2487     	6675     	12800    	21686    	36330    	52209    	70148    	90247    	112826   	138125   	165915   	195574   	249444   	285882   	314886   	351463   	392818   	440858   	495933   	554989   	619954   	689879   	767944   	848148   	931503   	1022149  	1115706  	1208695  	1300422  	1396234  	1485926  	1570741  	1644255  	1704175  	1739636  	1742809  	1707291  	1630163  	1502729  	3953931  	0        	30.48    	32.00    	26.00    	37.00    	19.00    	40.00    
49       	3377     	2212     	6009     	12009    	20439    	35249    	51295    	68816    	88451    	110950   	136000   	164077   	193306   	244394   	280758   	309747   	347346   	389169   	436697   	491399   	550838   	616031   	686778   	762907   	847507   	932366   	1024184  	1118017  	1213709  	1307254  	1404634  	1496016  	1580098  	1652158  	1713482  	1748271  	1752752  	1720899  	1636691  	1511722  	3974647  	0        	30.58    	32.00    	26.00    	37.00    	19.00    	40.00    
50       	835      	2288     	6454     	12815    	22024    	37988    	55408    	75164    	96623    	120688   	147625   	176598   	209472   	263550   	301329   	332414   	370017   	413087   	461691   	517177   	578704   	644292   	715227   	792171   	876325   	962452   	1054022  	1143406  	1237288  	1327935  	1419313  	1501410  	1579074  	1642679  	1683301  	1702668  	1696280  	1651770  	1564608  	1445932  	3800557  	0        	30.30    	32.00    	25.00    	37.00    	19.00    	40.00    
