100008588
100008589
64073
8771
100532736
4500
197259
6620
2634
2635
241
8302
6818
284266
3212
11082
283106
8200
3001
3601
101180901
144453
93655
8436
4938
54809
221395
1134
100526772
116441
728689
3075
129446
10871
5166
653427
340061
80833
26191
283316
100861555
3213
1041
445372
4907
3773
7096
6926
203447
7052
4015
100271835
4311
27286
4493
1295
728492
4837
92949
8710
4923
139716
207107
3490
8862
64283
8291
5468
1826
4502
22989
11262
414899
22801
200030
256076
50486
114757
255104
54436
2297
58538
4053
4781
149111
56978
340075
1469
84171
7041
1393
4071
118738
2633
51393
90952
81832
100288380
89838
5366
1305
6928
22918
861
140576
9096
5880
84848
641700
397
55619
219285
51225
857
10234
84216
375298
113146
4323
29126
100288695
3822
9111
100131897
5999
8515
8110
960
205860
5480
579
56062
84141
3676
56911
57211
860
54996
55240
7042
7079
93663
22914
2294
874
56944
100507392
316
9241
8829
201799
6281
2625
84675
8614
11343
1029
3814
2745
79674
1012
947
56034
646
1003
58504
5337
25927
3489
29953
3783
302
5327
64084
84525
6277
1030
815
51083
9123
11010
1272
2202
214
9645
10267
8406
5137
1893
220388
27122
7226
114614
727936
55337
90226
29995
956
54360
64123
55008
706
84290
2313
121601
7056
9582
27123
4481
100288346
9060
57381
144501
7857
25960
2170
3574
285548
5734
3787
23338
283
57559
631
84466
84251
728495
822
2300
51332
80380
2793
25758
2995
54843
10404
22854
50861
255631
5069
1303
5271
27303
5923
84981
2022
90853
2908
2307
255130
643707
4286
8717
2203
5355
1806
64333
5228
132720
388610
1312
346653
50863
3672
94274
84166
8082
196051
79642
3675
9518
646329
10512
633
5328
64855
84433
100874242
64094
23348
2303
114788
375033
64750
81855
57574
4199
53335
441108
28984
301
11227
3956
2000
57616
149478
3914
6744
3897
9961
1794
51313
83666
358
4685
72
5452
3673
100874241
54796
165257
2012
134
11075
3709
11098
8793
8553
54981
26578
339894
23414
25825
353376
65266
5621
80114
4900
22861
6595
201633
10395
94031
100130880
11031
3090
57158
10391
54456
135458
9056
8869
29931
57795
2766
619568
81792
8974
5329
375719
79772
753
1281
6282
5343
2915
5798
10346
7040
3855
3754
51347
100463486
57205
144811
51148
10103
90627
781
4008
376267
84969
256691
100462981
6781
51129
11346
4487
8754
2335
4940
2743
57552
79953
220323
5214
100533467
8871
7006
2977
79365
3431
3077
26020
84959
9180
26509
4155
6697
307
60489
254228
26585
3690
130814
131583
928
56937
283392
28231
55357
57124
25976
3688
285761
7048
10736
389
3801
4046
290
84159
133396
22898
64859
9399
1307
114800
55304
9641
7805
154075
25996
23136
79875
645166
100498859
259232
79890
5308
100131234
26010
11274
7075
57172
4313
124739
100507500
11096
91851
203111
378805
6920
5314
64834
11259
100528021
164312
55214
3487
788
56969
23584
54769
4354
80005
22943
10397
5199
6867
221749
414236
364
3823
55824
30011
7058
284615
10791
8407
8835
5330
3589
8604
10451
116535
54733
2034
79858
51084
387882
92689
4128
94120
80176
567
4154
100528064
121551
1031
54625
3939
649
7099
27350
4734
554236
5696
284119
117581
284029
54885
153769
4016
90993
4267
89866
1917
100506668
30008
51368
824
9532
29798
221756
4233
131566
55679
1277
2780
55901
22822
135228
10954
100127888
2591
5352
8061
100505385
25907
9200
29763
3786
503569
7474
54538
91351
2150
79745
8482
7431
219833
64866
1666
81553
22925
768206
253152
9709
272
283446
100507244
7430
6899
7982
114801
1026
5054
127435
2162
4130
100507436
9732
84617
2696
5130
389289
83851
5269
574036
9871
79627
1889
80019
84627
30846
50508
5362
60312
728431
26112
30844
6446
10435
140766
100499194
148022
399959
51226
94121
5578
85461
8742
84270
152007
1471
5358
112597
286297
122786
63940
55568
1956
309
100462977
23508
308
6623
6876
7357
161176
4217
5294
375449
23371
10398
114787
9751
8916
85450
137835
11015
7114
7424
55223
4000
645843
26031
404550
100287227
5479
4637
57451
26575
1465
200058
541471
6990
10981
7045
10484
10924
966
627
7077
6284
284114
55075
408
8038
100129046
84875
1212
390
6461
7169
66008
255488
6310
284297
100288122
29915
1687
11344
8826
6747
10475
126326
10544
4774
92912
118429
1827
1397
4782
63827
114294
113791
55612
401494
54602
80323
145173
100133920
666
219749
4482
9398
10519
83442
55902
10627
56005
3918
10109
51022
1289
64114
126119
5128
85449
2246
79026
2113
23612
6387
58472
166929
23576
22836
9695
9651
26353
4597
169611
4017
7421
90102
257194
257236
3241
63898
7277
93349
150967
130733
39
7905
3655
5167
2151
2134
6546
5699
1522
6335
30851
3430
1906
25790
3628
2791
221895
2014
153684
54947
8794
79651
1839
1316
54020
8751
22911
6591
11034
90488
10019
23052
26511
344558
3696
79658
400954
9886
29065
10487
9697
4320
154761
602
23171
114884
9411
79586
3572
4599
3976
51200
2582
10553
6424
10095
100287225
7145
412
81618
10550
5627
51706
2149
7184
26262
26119
1073
9955
23336
6769
10096
55827
55268
64747
3958
643314
813
22821
84740
659
474338
2668
4121
27063
23400
729873
3309
100036519
349334
367
28966
79628
55754
9603
5151
811
6001
441432
3912
3488
125111
5738
29109
51752
4012
54414
133
2900
3778
3107
25923
337876
124976
3106
51119
2059
51809
800
1114
6793
5919
9945
55062
1606
26064
7057
5046
1290
3875
10938
56851
3433
401074
3716
80139
7168
25992
23180
51474
148281
5351
2317
125988
3717
83874
6678
558
132299
7094
64236
83935
84918
26136
94122
7026
54732
5033
50814
27185
5611
11067
1955
2992
10194
2589
83478
26147
83547
162461
79789
103910
347902
83468
50999
5270
598
4124
221710
134265
143903
1611
3597
896
5654
7873
493
445
9926
91010
100874051
7942
7132
6272
159686
84632
55752
166336
84926
51330
26056
4803
5205
343521
5744
55002
6574
958
9780
6275
100271873
3759
64420
23673
112950
53827
4942
91283
10257
80315
64641
3756
25937
4669
57608
113026
3856
4258
10630
80021
2181
3915
84176
8821
11120
3163
23268
51232
7881
9446
81839
132864
57045
253461
23424
10085
9610
9891
64761
83440
29957
29937
55293
7318
311
10440
6897
23659
10873
5912
29071
128077
26090
8601
23345
5720
858
26472
2184
51714
9948
64764
253827
8673
27314
7043
50487
388650
100652759
8476
355
9236
2558
444
2280
10555
285203
57493
23597
4603
54103
100505658
9276
54206
84279
266812
158158
4247
5533
84940
9531
2961
5833
8323
3357
23500
54187
196
84795
90249
7084
2171
10094
2934
5420
10865
8773
334
79710
140609
100507463
55504
162394
117854
10290
9107
6307
3959
644
2590
160428
3419
1278
23768
80854
84570
4188
64423
29780
7408
1192
51726
59269
11167
219654
7106
51162
5350
56894
57458
4478
100131094
9037
8727
6890
81671
27252
10970
124641
30001
5817
64651
81552
38
4684
79901
50619
5708
1301
7139
55300
51703
23629
4179
6711
5638
386627
6609
378
29775
57142
977
4047
3692
64787
160897
3927
345757
54480
51429
3037
323
10381
64215
25940
165
80273
115701
79666
57231
6484
823
138151
132
57761
55742
84441
23043
5159
151636
1514
23705
94
11014
9554
3074
51255
5701
5359
8798
64374
6891
5581
6494
29015
91252
7706
306
6913
3136
1315
862
4162
6382
3566
10531
2131
4643
64746
54583
154141
894
10959
11328
27147
9270
5721
6493
5834
1718
2629
57491
56994
80256
10982
11244
29927
2222
9168
7035
22824
5034
10190
4147
2180
91624
54495
56950
95
100505806
318
90411
5339
140606
2224
7076
170954
203427
51014
1203
84002
5702
440275
6400
54587
51126
1528
55829
1728
112849
10097
9958
4627
9601
3422
11226
8797
91179
1213
1486
5784
57224
3964
669
8870
28971
4709
10461
10755
9388
284618
10312
310
1292
445815
55707
6237
1978
4638
56907
11275
51131
5142
2519
100750247
6715
79174
1173
50507
10589
90956
51136
408050
11177
1829
26032
55194
3611
54793
29933
10602
29926
7227
10098
27257
4814
63875
51375
7534
55351
2744
10549
8470
2274
100
152579
23167
23255
5896
22872
25932
55092
51422
1107
6672
1021
5872
1282
4338
124359
10567
5216
50650
56674
10092
56954
51019
9424
10867
4598
10618
215
9341
10806
28988
79856
3707
22933
80267
6737
84102
595
5756
805
54863
8935
10411
10940
51660
4779
10962
51030
64778
5862
22820
26035
24139
143
11267
81567
440672
8763
1603
115207
121227
9124
23423
79839
9636
9208
284996
9263
57605
6390
160418
63874
4193
3176
55454
57509
140809
7262
11135
373156
195827
2767
196527
8728
2847
5878
2004
833
50618
100653515
51290
7264
134957
27333
64393
146691
30
4534
7171
8031
27254
55858
54867
728047
149951
10133
51065
25786
493869
51699
10897
2621
175
10226
5686
56951
285704
81537
100287616
6575
396
7127
54621
29984
2182
1263
6840
9902
27020
56180
10670
5780
3091
92999
48
8724
27
55691
79899
406
123803
9748
84168
8301
81555
60
80146
11194
7353
55852
60401
51061
2678
5700
10634
7360
55379
10159
54453
29880
8412
4277
23243
7345
64175
7347
54434
826
169200
611
5230
3556
1861
11217
5201
80777
643853
8034
22920
8490
3315
51465
6196
8915
965
51727
23603
829
90874
51012
79768
53918
2923
7389
3340
84818
55970
5045
51435
967
23327
3678
10150
10653
726
87
5562
29982
8787
132789
10969
3728
5373
4215
6464
1595
2517
50484
7782
6646
388115
26128
56128
83892
1490
23499
57102
196383
590
51142
11118
6675
155370
100507034
1174
55577
79991
143888
6238
1039
113201
4131
55770
55505
116254
51316
85360
26503
57185
1175
274
386607
5707
54928
55860
2123
6184
3097
58533
7280
8992
6498
10916
9338
8985
10010
57380
84056
54838
6396
8642
285362
23157
7975
3987
400916
25959
1020
4780
5163
950
25915
60559
51573
4092
8933
3069
230
23150
222389
445571
3098
8439
84992
57515
8140
3977
5998
538
11245
10652
5202
27295
3797
5870
23102
23221
821
6810
100533107
10317
27248
5530
80700
10769
4738
8986
84263
284361
4712
55191
1508
1314
9540
514
5238
23324
23093
6166
441666
79020
51382
3920
26094
9637
1846
1509
5510
84280
27089
51009
11007
9646
7414
6576
3491
51652
55601
6035
8578
831
221035
6713
6251
53339
2569
88745
374383
51646
51026
3704
51186
10636
51651
11282
56829
51000
55737
1051
5906
56938
25855
5176
81605
8503
84256
9811
7402
2617
667
91526
7779
5580
6102
55230
1622
3995
92675
2987
113419
1717
10046
5714
6819
7165
648987
84888
11103
3638
23143
126375
3157
81
51661
55973
8682
121457
23710
5162
283687
54532
126321
10254
84679
10955
27348
26224
7791
1774
55969
5110
6745
81631
6884
79590
439921
529
57169
8534
5066
65065
8799
1653
143244
57636
9325
5899
88455
51106
5272
51114
3312
840
3454
10827
2632
29766
65985
392399
158219
11163
10008
57488
5917
8737
79070
64167
55027
5571
8795
50813
10260
5573
8099
90441
80723
9138
29761
84910
5441
84456
8910
51024
23471
100529067
372
9528
79188
57117
84246
9859
8693
2802
7170
92140
92979
26864
100312957
100302741
64211
388585
11166
89
4843
151126
2253
7200
168090
58524
30062
6656
5342
100130155
54550
84867
100996939
387638
642423
81551
762
85409
84894
340543
440556
6218
27134
9248
56936
100133545
1960
646508
4009
10406
445329
100137049
146378
7471
6663
27133
11122
1463
8822
51087
143379
6092
2850
57101
387264
201299
23316
2516
51450
153571
2139
400685
9427
51442
10485
114569
256536
8447
89780
887
284654
199920
758
116135
84966
342527
10874
4881
24141
63950
1747
222642
152
79057
9884
23237
144347
8395
344838
83894
100534612
2527
4004
79012
116
1113
5079
266743
389206
388015
55843
100529240
94030
27023
100526737
54586
445577
6261
27231
160777
8403
2020
22987
79825
1995
478
55203
7480
348807
100529855
54511
81706
283120
143662
119587
145270
153657
57540
4129
7412
727940
644943
100885850
4223
767
140730
54207
55289
389766
5743
1549
9721
58529
27022
388021
84467
100287102
219681
23601
167127
118427
4661
441151
642826
1394
340529
2572
84891
27132
85319
9249
390205
392255
4887
63976
8972
63973
139599
56341
54033
10858
10665
55879
1592
134829
84448
170261
5522
440097
389058
9796
56603
124602
8741
729085
163933
4036
167826
2016
728882
414152
162494
80036
4753
55138
55107
219670
3249
54754
259308
3067
5076
219287
117247
375387
429
5648
84631
3748
284800
79958
7015
53904
146754
7681
401509
11240
284076
1381
480
51046
399947
5803
127665
26220
2700
23650
2103
8120
338323
8471
2911
134111
50944
136227
5457
723961
9705
3400
8788
92293
4883
340990
5354
90668
85376
6262
80725
389715
9379
5502
778
729956
10752
5582
28514
79784
22866
1297
7479
3164
80274
7704
2719
760
1271
54437
1602
777
81849
79625
57822
96626
91156
9229
5153
23544
286204
2173
135398
441478
55220
170302
339983
65268
84063
202559
1958
26508
8857
6658
84870
1288
8913
84502
219527
10814
116442
284217
29944
388419
171019
27289
5596
1815
404037
220382
83481
84059
100033429
727708
6490
8645
402665
221806
5592
400224
23349
54845
89876
22915
3358
6543
157753
196475
5168
80164
64093
4005
84889
54715
2487
285175
4133
7855
56751
84858
253738
285533
6695
7547
9935
27112
8516
220963
2637
53630
147495
7148
2066
374946
51361
80217
151449
100130476
57348
1496
1735
83723
4610
1588
100131213
2982
153020
2261
2104
203429
79698
9066
80070
399
340419
4741
114815
57628
146760
56963
10382
8618
7020
23329
2353
863
139728
119
273
57689
9211
81796
57167
2348
349136
9254
219738
57596
1749
91522
1299
29119
220
340120
653
389799
2045
100170841
9378
2331
1959
57144
23504
389125
4185
3780
3270
1159
116986
80243
8224
285888
2043
2354
220965
54413
4222
56832
2781
9447
55964
54768
57501
2571
3109
6507
27151
387509
9547
11170
27324
400680
2019
283174
151473
51599
83715
26290
2556
79608
10742
131096
341640
79817
79977
59084
7101
143282
10529
9420
148252
266722
54502
3745
55079
56977
1280
219736
57578
389549
643224
3749
375704
2116
54894
6423
6586
4929
8577
8639
1298
80059
6900
439996
8277
80144
100129583
200373
9951
4023
117
161497
347730
3785
6096
53345
23769
9024
158584
54897
1501
348174
225689
340348
80258
9940
347731
63982
2254
254187
8549
129804
123036
1804
1600
25817
28999
653404
7060
133688
7852
1628
6657
6330
10468
6252
27019
338440
4059
90139
2747
60680
3761
92737
415117
153572
139189
401262
57111
23428
5579
57622
6768
2596
415056
255877
100131827
10439
163183
1365
167410
23630
7102
2302
5455
1016
57568
9901
58480
793
1768
399668
23213
79844
283521
440836
10256
84239
26047
131405
79192
93099
55084
29993
8013
353149
494470
151871
3547
9053
54429
25928
79740
8608
57662
5992
283358
112476
56154
100500862
4440
22843
2649
4613
5081
547
7162
387763
2675
1080
100505695
8361
1840
9625
2983
23149
10053
23145
129080
54886
5629
112885
724033
11141
57801
23462
2006
27164
7732
8324
80031
8912
2810
100128252
8495
1750
6297
114798
5414
57556
136332
182
60495
5802
56896
64218
388228
285231
79727
338
150
2842
79774
5454
200162
64579
100132287
9783
2913
154860
222183
201798
121506
84733
146713
2257
827
55698
3398
80000
5097
57156
2290
79632
222643
728464
10863
23225
55885
440896
314
23007
8633
773
51285
176
27087
121256
5652
55966
283659
5067
4858
1789
644353
114822
100526761
55553
55057
2567
56475
338382
1152
81704
55083
9480
388336
50832
4804
57526
378108
143425
161253
152189
57593
57549
1006
10320
84125
54549
338651
57643
2650
79948
1040
8532
1896
10389
4135
50937
5909
7450
2917
58512
729747
10343
114795
342346
414918
129025
80820
554235
8626
10683
387597
57718
9620
1944
29887
8613
54997
100505894
79870
57338
84073
91653
340596
400793
50831
3746
57030
92370
23632
400360
575
79695
11013
5858
392617
286077
220164
136242
6664
1952
9143
284412
3171
117166
84707
55061
83988
4990
158035
254887
1795
129530
10071
55329
25830
221914
23224
26280
3603
2737
23220
23127
342035
22997
163115
64080
4807
115019
10718
2775
9745
56920
9580
386757
348303
400961
80714
280
9760
116969
79987
90342
80022
649159
5453
57139
80318
2893
140290
158326
2196
255193
55022
84900
9252
84457
57653
83543
2018
3800
2100
152273
3123
5129
4885
596
146330
90632
9942
115650
9355
2166
283481
22941
5602
1902
440585
4978
92270
170690
84960
91461
441272
51222
7275
9170
7538
284837
100500815
90025
284215
56905
441631
5625
160335
785
6795
65997
10178
2657
93145
23401
1001
23263
5013
283554
5336
283248
111
4488
51704
84101
7128
11189
24
4316
387644
2619
199800
9734
100131825
11318
92292
51385
54510
8927
10418
25789
55086
409
90187
1028
23114
57460
162699
23017
84107
333
23302
79755
1645
84106
1136
144423
85442
445582
5764
2053
100129543
10100
23242
9912
100130519
2731
63951
29841
7546
7021
116159
79656
80303
9196
27443
1641
158405
23493
128153
6329
8660
84915
1943
63027
256126
220004
79570
727851
63895
64131
1770
283971
64762
653653
57216
9353
55722
55592
54661
54101
6535
83394
162514
25925
9722
222161
1325
7545
10446
5973
343450
2788
5292
27285
100287569
7761
114780
164045
153478
84807
1757
283987
10603
1953
283234
8825
10129
2925
63035
153469
1036
92369
66004
4588
347689
10110
493900
1999
1404
79776
79730
80108
100129794
81491
64800
8938
2827
1850
83699
347252
79973
338758
2
169522
220001
3736
5364
9244
9627
3730
26153
283177
90293
85416
70
5187
440081
83648
401145
196410
6511
2334
10297
1890
64753
5380
152756
63922
124093
6299
100303491
57685
57586
203228
728939
642846
93273
26577
116328
814
51265
8303
5818
79846
100288413
4542
54102
54331
4324
3662
22998
7643
55512
79092
50649
5971
401720
9311
219699
399671
30812
147645
84033
100132708
6303
51176
9429
221833
54558
374887
1951
114900
59284
100505474
54734
56141
7447
93
116931
122060
80119
51673
341883
9481
23090
4773
84530
775
729438
11076
60468
9938
55036
100271927
145864
8342
28232
201181
100526835
100507433
219537
90134
22983
56145
80319
8317
79603
10715
10021
10396
57758
57480
144571
54830
653820
7025
84958
94025
51050
51760
340533
9455
388
256435
2035
4647
84630
79725
83449
165215
477
5028
999
151651
388963
440519
729359
2628
340351
286749
4192
387856
9148
9696
387640
744
490
6263
5866
84444
10014
440910
29919
56110
9314
5789
151827
100133941
2548
5015
23779
1293
5424
64757
268
9649
286467
1375
54805
1018
100132215
90161
729830
3674
23373
55151
129790
89944
7976
78995
199704
148113
8293
9915
4645
728591
644019
100507266
84929
79915
10788
9515
169044
3148
80312
8971
4171
346157
8842
1102
100507057
27439
4920
653781
252995
83538
29118
3679
2886
9132
26175
6450
100861532
53616
4747
65078
2662
89792
9543
90594
2296
2824
54478
81629
168544
1756
26167
55342
6579
5152
114043
3007
6854
11248
728377
81558
5521
54756
4854
399881
729220
222553
390660
2070
200844
10690
5740
1947
11005
22838
770
2846
54913
9911
154664
51754
100130950
56135
388630
84775
145581
29114
10347
717
4772
728723
5557
972
64122
100133331
65267
260294
10810
677
4861
282974
284391
65251
55859
2898
23331
64849
100137047
254122
5997
440905
9619
23178
56999
4329
55789
5932
54596
123096
101060200
10919
64101
9324
605
10723
51460
57595
7730
100507218
200558
51168
100526693
7775
147011
115703
158401
8831
404744
239
57597
23199
32
3720
56132
89958
57821
162655
57579
5087
85302
55345
729533
221711
7425
57116
284992
93474
84678
123775
9308
85444
6505
100431172
80852
1286
146206
27092
340277
9369
6875
56652
440823
1838
4665
23682
25854
3005
8914
57863
10278
7091
84307
727
54492
4756
24147
730092
4851
56992
128272
81788
56953
100289092
761
1302
1740
23426
83992
55314
1143
552
51655
147912
1373
7163
55166
155382
4857
400713
5099
100271849
10500
401149
128553
4254
23057
1326
51477
8701
25956
645332
200942
157574
55796
4094
65982
6585
7700
57524
23250
57690
8851
387914
25849
63979
100529239
55582
8331
729234
23554
140469
23239
151742
221527
5742
22859
4091
79075
81931
9687
197335
143458
54508
8398
162963
221178
1950
284307
222166
767811
2051
54839
55315
9315
57544
9401
100302652
79845
116412
28968
116028
55367
64776
1842
196403
203062
23217
4037
169834
9880
23138
22875
80150
51741
100288198
148523
7849
11339
4998
137970
55295
55636
1062
10846
9742
3070
1608
338799
643988
2308
65975
54039
8325
261734
139818
728833
161823
50628
11281
1663
8425
53947
4595
89801
7869
10734
3486
166614
4935
286336
10535
126567
57469
60676
160622
5174
10821
3563
26040
147015
645369
23306
8360
56124
275
147923
23135
728116
2030
6929
287
2086
22795
10420
256987
220108
7023
347475
115677
30811
56171
9569
11093
56131
441208
54848
23208
100526694
10518
2263
25862
57476
9256
100132273
64599
641649
84318
90525
8736
80034
58516
9715
2542
7980
9781
23639
79671
28316
58528
467
5140
2669
8153
157638
4052
91608
5016
100132062
148046
54674
3993
64409
1063
10224
285958
6091
22994
26013
165055
55023
5154
7556
28951
10252
339044
6653
51463
25946
11173
2823
5793
81691
2041
100129792
57479
341019
57484
6894
51533
9628
951
84083
158056
57180
145748
57664
10891
9656
55422
92312
80154
2081
22832
728378
100506195
26267
57580
442524
55607
25999
10018
387036
55536
634
1287
645513
10036
100529215
688
9848
1949
79857
6304
65243
55506
9865
460
6119
4038
90390
84078
100289137
8543
84253
5218
5010
92973
22807
148898
58473
3425
55237
222696
128312
84206
219790
100132352
147686
8556
283455
51351
11117
379
223117
441263
284403
56125
9934
84058
9546
5139
10714
79090
9258
116832
84787
9924
100996307
100287765
22874
56121
80321
3955
161357
8936
23421
54535
386758
10023
55765
80862
440270
284040
257019
170685
5080
11169
729970
56102
1763
121512
92840
89849
199745
80178
112464
5310
339184
3017
124045
352954
54084
404217
100129387
374666
10172
6608
56892
143686
728411
54799
399474
283070
57669
23254
91316
574407
10620
5991
642799
619279
25791
51339
51750
4117
26050
64067
9788
5141
348801
25759
10570
85352
684
27143
653308
27124
3092
8743
10458
64077
51310
5563
29942
64946
7832
11200
79906
135154
64772
122416
80195
100526832
8019
9658
55228
26033
84898
57332
7465
79605
3621
55693
10335
728404
9013
55388
83473
66000
348
84446
100507098
80174
5451
10459
27158
255057
199953
54069
6515
57697
90576
79663
9858
151313
64793
3613
57176
388886
51093
3991
389333
57482
56997
8292
9203
85002
4281
3835
80864
1382
9456
4213
203286
414235
134728
10253
22901
256714
2146
81571
5783
90317
4953
440295
100294145
9762
55521
80853
374654
7703
23359
1525
10024
3304
54932
2944
415116
7762
4986
407975
26834
10501
85358
286046
9088
482
57639
23119
57666
7186
4897
10068
2630
1010
22881
4172
80209
140735
100526833
389741
8359
80758
6626
57520
55713
6496
1948
7473
3619
1848
8805
374875
7153
53905
253769
58489
619383
22981
440434
84131
221927
285908
84436
54677
100507421
56143
23031
5983
7639
282890
79683
375444
222962
11143
89797
25801
23151
6468
286826
55190
7050
51005
2027
9700
6004
22999
83872
607
8487
253650
255403
2157
53844
28992
51276
3980
1058
5332
728262
167227
57585
90381
378832
29998
5287
4681
10523
222950
84541
650368
203238
348926
84954
57716
9920
339500
9545
641516
343099
56917
7469
23195
6720
7802
389517
3635
23279
80279
109
80824
126129
3833
56109
27075
171425
1466
128414
55130
11113
80306
146712
56242
94104
85235
22979
54857
177
2752
65057
5893
6405
9284
114823
28996
57719
653268
84148
11039
9215
144699
55920
22937
541473
4798
55320
151230
677766
79896
56893
84629
8368
51203
7008
3643
201161
26084
10157
51588
222663
284069
257218
140680
23294
2901
374872
11223
22852
1946
8622
10825
9894
347240
1632
22871
100033430
995
26610
57001
1047
5727
641455
8289
5916
153163
150864
7074
57409
8294
56998
51747
400027
91147
64783
91057
56981
6660
23174
148266
53841
25973
29094
23767
26504
100505967
84230
7010
84726
57214
132949
51514
23133
221078
7272
83439
10949
64773
474343
29990
56243
7374
54149
56142
80705
8519
55450
643641
100505678
146664
57186
27043
57502
3303
6567
118426
29781
4085
124152
51517
4355
389792
8514
641638
60672
5165
8344
152330
7012
57819
114659
100532732
90007
22903
23513
2040
5422
9759
220042
10507
10826
11004
647859
84250
57466
55374
421
9145
60436
54982
7434
192683
402
79729
114821
8351
81575
26108
653583
5426
144132
223082
3727
10615
23101
57692
107
8175
10635
317649
473
23642
122481
2119
100272216
90271
4855
152518
389524
90507
10360
4001
55082
400927
11065
4174
401474
26049
25957
23476
65109
57161
9585
283417
1879
9704
23024
23266
54058
2187
64901
57820
3397
9675
9825
9654
153090
7675
6256
118672
92162
774
23524
359948
6597
2077
4678
219931
64921
81930
56107
899
203859
375133
3178
26873
80010
51058
79682
57706
2026
100506599
79751
124540
90378
100505624
5990
25891
100534012
25865
63920
221443
55605
79887
23013
57463
100128176
8940
129401
79006
284004
23598
5411
81620
440689
93643
57619
5156
84765
23038
117143
124044
79805
3084
55723
20
6671
54441
51691
79447
23067
222234
55916
80728
202333
9156
51560
6877
2189
5774
84722
9843
7638
9984
114804
84167
27085
389421
493911
125950
255758
115399
79969
388507
100288332
3983
64220
197320
57153
2643
3978
9794
50804
56928
2784
5198
171392
7138
25861
8353
55227
116447
4361
10293
993
11273
54540
9735
8358
117178
8321
8541
284406
19
100101267
140883
29070
112840
8906
727956
121053
221150
1822
90673
4288
80206
100272228
6615
56098
57414
23285
84440
83903
29997
112
25888
441081
6235
143884
4582
3665
25989
254048
5383
79228
338707
10124
7552
27005
5326
93210
93550
100874249
8365
152006
55786
8366
517
347273
3054
93323
283989
157313
100533955
284900
10195
9814
84133
84527
80162
56265
195828
2954
84289
55117
1009
6874
85478
6508
196528
283491
7840
10155
113130
8535
100529063
54328
79102
9727
7644
100507557
8463
9723
84911
221504
5826
64375
1183
25850
2310
167691
57555
5994
10152
9986
55178
100289635
345462
5379
30832
55876
79595
114991
100507043
8340
5335
55692
81848
23130
348093
80184
144100
55604
100507373
100132403
83591
790
389765
10793
259266
57507
100188947
143684
84623
197407
84524
170689
84266
284106
10625
27336
9133
11279
163227
51134
123
133015
5325
202181
4674
65056
85407
84330
4176
3298
8745
84809
7486
23531
64763
9746
6904
80095
10629
8623
57478
5577
90379
65249
57134
4796
11064
84132
5924
26037
9468
1869
25809
3609
9994
2736
8379
6536
56623
79923
1399
54956
7001
124989
163786
5058
26960
85462
3434
8085
84218
29799
5890
2648
84515
80055
1387
114036
4867
3189
7581
283652
728609
79971
84939
112399
4150
790952
441250
130888
65992
5427
23318
9294
9423
375484
56895
155400
29994
84085
389610
55643
112869
2199
23403
283337
57530
23507
27113
26012
114088
3014
158586
8364
90780
29929
57475
9657
401024
83604
6839
2525
54930
55835
7539
150946
100506866
29104
149986
50512
57577
1742
728661
10112
7064
5830
124491
8654
121274
100130357
9918
11168
157
2260
201725
9212
51659
6573
8438
26145
57538
54014
80263
80004
3321
388152
8243
1008
146909
125050
11052
2697
144348
150275
399664
51466
606495
256764
55657
6234
5347
9094
91664
400506
100287171
8123
3911
55160
26993
1870
79077
729288
6692
85395
79731
728215
22841
9112
155435
6002
81610
10250
7554
58499
51700
54929
57335
646023
63926
150776
8859
27315
153562
23163
4363
580
54903
27245
91404
1060
100128191
7597
55137
57565
582
7913
116113
27328
51574
84620
5471
644150
5295
140710
9567
23658
376940
55215
57728
100526836
57459
64342
389906
2305
9400
140901
163051
8362
51308
2033
93594
54780
8312
7090
246721
55728
11159
285368
25853
9757
7536
114928
22853
2186
8991
2138
8208
23648
4248
5575
92106
728577
338645
169714
4776
375190
113246
57496
5064
9787
127002
79934
169981
6497
130872
4660
23201
84747
56946
6118
55226
100533179
51490
1760
4345
25914
139886
4221
604
10142
79037
55672
2009
5324
651746
2064
5442
7867
80823
55038
644815
10322
389677
7037
9849
1196
10003
2177
23283
7625
9846
56890
9770
1352
11270
8350
91695
147372
151246
9739
8444
649446
134637
9750
374655
27316
79690
1164
85446
64395
5984
23144
64359
114825
79034
84243
728407
675
81857
124944
10426
3177
163050
65108
10300
55544
7916
55572
79869
2068
8570
56852
55793
57620
