NR_074082
NR_003712
NR_003690
9997
9994
9993
9992
9991
9990
999
9989
9988
9987
9986
9985
9984
9982
9980
998
9978
9975
9973
9972
9971
9970
997
9969
9968
9967
9966
9965
9963
9962
9961
9960
996
9958
9957
9956
9955
9953
9951
9950
995
9949
9948
9946
9945
9943
9942
9941
9940
994
9939
9938
9937
9936
9935
9934
9933
9931
993
9929
9928
9927
9926
9925
9924
9923
9922
9921
9920
9919
9918
9917
9915
9914
9913
9912
9911
9910
991
9909
9908
9907
9906
9905
9904
9903
9902
9901
9900
990
9899
9898
9897
9896
9895
9894
9892
9891
9890
989
9889
9887
9886
9885
9884
9883
9882
9881
9880
988
9879
9878
9877
9875
9874
9873
9871
9870
987
9869
9868
9867
9866
9865
9863
9862
9861
9860
9859
9858
9857
9856
9855
9854
9853
9852
9851
9849
9848
9847
9846
9844
9843
9842
9841
9840
984
9839
9837
9836
9833
9832
9831
9830
983
9829
9828
9827
9826
9825
9824
9823
9821
9820
9819
9818
9817
9816
9815
9814
9813
9812
9811
9810
9808
9807
9806
9805
9804
9802
9801
98
9798
9797
9796
9794
9793
9792
9791
9790
9789
9788
9787
9786
9785
9784
9783
9782
9781
9780
978
9779
9778
9777
9776
9775
9774
9772
9771
9770
977
9768
9767
9766
9765
9764
9762
9761
9760
976
9759
9758
9757
9755
9754
9753
9752
9751
9750
975
9749
9748
9747
9746
9744
9743
9742
9741
974
9739
9738
9737
9736
9735
9734
9733
9732
9731
9730
973
9729
9728
9727
9726
9725
9724
9723
9722
9721
9720
972
9719
9718
9717
9716
9715
9712
9711
9710
971
9709
9708
9706
9704
9703
9702
9701
9700
970
97
9699
9698
9697
9696
9695
9694
9693
9692
9690
9689
9688
9687
9686
9685
9684
9683
9682
9681
968
9679
9678
9677
96764
9675
9674
9673
9672
9671
9670
967
9669
9668
9667
9666
9665
9663
96626
9662
96610
966
9659
9658
9657
9656
9655
9654
9653
9652
9651
9650
965
9649
9648
9647
9646
96459
9645
9644
9643
9641
9640
9639
9638
9637
9636
9633
9632
9631
9630
963
9629
9628
9627
9625
9623
9622
9620
9619
9618
9617
9616
9615
9612
9611
9610
961
9609
9605
9604
9603
9601
9600
960
9597
9592
9590
959
9589
9588
9587
9586
9585
9584
9583
9582
9581
9580
958
9578
9577
9576
9575
9573
9572
9570
957
9569
95681
9568
9567
9564
9563
9562
956
9559
9557
9556
9555
9554
9553
9552
9551
9550
955
9547
9546
9545
9543
9542
9541
9540
954
9538
9537
9536
9534
9533
9532
9531
9530
953
9529
9528
9527
9526
9525
9524
9522
9521
9520
952
9519
9518
9517
9516
9515
9514
9513
9512
9510
951
9509
9508
9507
9502
9501
9500
950
95
9499
9498
9497
9496
9495
9493
9491
949
9489
9488
9487
9486
9482
9481
9480
948
9479
9478
9477
9475
9474
9473
9472
9470
947
9469
9468
9467
9466
9465
9463
9462
9459
9456
9455
9454
9453
9452
9451
945
9448
9447
9446
9445
9444
9443
9442
9441
9440
944
9439
9437
9435
943
9429
94274
9427
9425
94241
94240
9424
94239
94236
94234
9423
9422
9421
9420
942
9419
94163
94162
9416
94158
9415
9414
94137
94134
9413
94122
94121
94120
9412
9411
94107
94104
94103
94101
9410
941
94097
9409
94086
94081
9406
94059
94056
9404
94039
94032
94031
94030
9403
94027
94025
94023
94015
9401
94009
94005
9400
940
94
9399
93986
9398
93974
93973
9397
93953
9394
9392
9391
9390
939
9388
9383
9382
9381
9380
9379
9378
9377
9376
9375
9374
9373
9372
9371
9370
9369
9368
9367
93664
93663
93659
93655
93654
93653
93650
9365
93649
93643
9364
9363
93627
93624
93622
93621
93611
9361
9360
93594
93589
93587
9356
93556
93550
9355
9354
9353
9352
9351
9350
93492
9349
93487
9348
93474
9344
93436
9343
93429
9342
9341
93408
93380
9338
9337
93349
93343
9334
93323
9331
9330
9329
9328
93273
9326
9325
9324
93233
9322
93210
9321
9320
93190
9319
93185
93183
9318
9317
93164
9315
93145
9314
93134
93129
9312
9311
93109
93100
9310
931
93099
93081
9308
9306
93058
9304
93035
9303
9302
93010
9301
9300
930
93
92999
9299
92979
92973
9297
92960
9296
9295
92949
9294
92935
9293
92922
92912
92906
9290
9289
92856
92840
9284
9283
92822
9282
92815
92806
928
92799
92797
9278
9277
9276
9275
92749
92745
9274
92737
92715
92714
92703
9270
92691
92689
92675
9267
92667
9266
92659
9265
9263
9262
92610
9261
92609
9260
926
92597
92595
92591
9258
92579
92565
9256
92558
9255
9254
9253
92521
9252
925
9249
92483
92482
9248
9247
9246
9244
92421
9242
9241
92400
9240
924
92399
9238
92370
92369
9236
92359
9235
92346
92345
92344
92342
92335
9232
92312
9231
92305
9230
923
92293
92292
92291
9229
92285
92283
9228
92270
9227
92259
92255
92249
92241
92235
9223
92211
9221
9220
9219
92181
9218
92170
9217
92162
92154
9215
92140
9214
9213
92126
9212
9211
92106
92105
92104
921
92092
9209
9208
92070
9205
9204
9203
9202
92017
92014
9201
92002
9200
920
92
91978
91977
91975
9197
91966
9196
91949
91948
91947
91942
9194
91937
9191
919
91894
91893
9189
9188
91875
9187
91869
91862
91860
91851
9185
9184
91833
9183
91828
9182
9181
91807
91801
9180
9179
91782
91775
9177
91768
91754
91750
9175
91749
91748
91746
91734
9173
9172
91703
9170
917
91695
91694
9169
91689
91687
91683
9168
9167
91664
91663
91662
91661
9166
91653
91647
91646
91624
9162
91614
91612
91608
91607
91603
9159
91584
91582
9158
91574
9156
91544
91543
9153
91526
91523
91522
9150
915
9149
9148
9147
91461
9146
91452
9145
91445
91442
9144
91433
9143
91419
9141
91409
91408
91404
9140
91392
9139
9138
91373
91369
91368
9136
91355
91353
91351
9135
9134
9133
9132
91319
91316
9131
91304
91300
9130
91298
9129
91289
91283
9128
91272
9126
91252
9125
9124
9123
9122
9121
9120
912
91181
9118
91179
9117
91151
91149
91147
9114
91137
91133
9113
91120
9112
9111
91107
9110
9108
9107
91057
91056
91050
9104
91039
91012
91010
9101
9100
91
90993
90990
9099
90987
9098
9097
9096
90957
90956
90952
9095
9094
90933
9093
9092
9091
9088
90874
90871
9087
90864
90861
90853
90850
90843
90835
90834
90826
90809
90806
9080
908
90799
9079
90784
90780
9077
90768
9076
9075
9074
90736
9071
90701
9070
90693
9069
9068
90678
90673
90668
9066
90649
9064
90639
90637
90634
90632
9063
90627
90624
9061
9060
90594
90592
90589
90586
90580
90576
9057
9056
90557
90550
9055
9054
9053
90529
90527
90525
90522
9052
9051
90507
90506
9050
905
90499
9049
90488
90485
90480
9048
9047
9046
90459
9045
90441
9044
9043
90427
90423
90417
90416
90411
90410
90407
9040
904
90390
9039
90381
90379
90378
9037
90362
90355
90353
90342
90338
90333
90332
9033
90326
90324
90321
90317
90313
9031
90293
90288
9028
90273
90271
90268
9026
9025
90249
90246
9024
90233
90231
9023
90226
9022
9021
90204
90203
9020
902
90199
90196
9019
90187
90167
90161
9016
9015
90141
9014
90139
90135
90134
9013
90121
90120
90113
90102
901
90075
90060
90025
90024
9002
9001
90007
900
90
9
8999
89978
89970
8997
8996
89958
89953
89944
89941
8994
89932
8993
89927
8992
89910
8991
899
89894
89891
89890
8989
89887
89884
89876
89874
89870
8987
89866
8986
89857
89853
8985
89849
89848
89846
89845
89839
89838
89837
89832
89822
89801
898
89797
89796
89795
89792
89790
89782
89781
89780
89766
89765
8976
89758
8975
8974
8972
8971
8970
8969
8968
896
8945
8943
8942
8941
8940
894
8939
8938
8936
8935
8934
8933
8932
8930
8928
8927
8926
8925
8924
892
8916
8915
8914
8913
89122
8912
8911
8910
891
8908
8907
8906
8905
8904
8900
890
89
8899
8898
8897
8896
8895
8894
8893
8892
8891
8890
889
8888
8887
8886
8884
8883
8882
8881
8880
8879
8878
8877
8876
88745
8874
8872
8871
8870
887
8869
8867
8864
8863
8862
8861
886
8859
8858
8857
8856
8854
8853
8851
8850
885
8848
8847
8846
88455
8844
8842
8841
8839
8837
8836
8835
8834
8833
8832
8831
883
8829
8828
8826
8825
8824
8823
8822
8821
8820
8819
8818
8817
8816
8815
8814
8813
8812
8811
8805
8804
8803
8802
8801
8800
88
8799
8798
8797
8795
8794
8793
8792
8790
8789
8788
8787
8786
8785
8784
8780
8777
87769
8776
8775
8774
8773
8772
8771
8767
8766
8764
8763
8761
8760
8759
8754
8751
875
8748
8747
8745
8744
8743
8742
8741
8740
874
8739
8738
8737
8736
8733
8732
8731
873
8729
8728
8727
8726
8725
8724
8723
8722
8721
8720
8718
87178
8717
8715
8714
8711
8710
871
8708
8707
8706
8705
8704
8703
8702
8701
87
8697
8694
8693
8692
8690
869
8683
8682
8681
868
8678
8677
8676
8675
8674
8673
8672
8671
867
8669
8668
8667
8666
8665
8664
8663
8662
8661
8660
8659
8658
8655
8654
8653
8651
8650
865
8649
8648
8647
8646
8645
8644
8643
8642
8641
864
8639
8638
8637
8636
8635
8634
8633
8632
8631
8630
863
8629
8626
8625
8624
8623
8622
8621
8620
862
8618
8615
8614
8613
8612
8611
861
8609
8608
8607
8605
8604
8603
8602
8601
8600
860
86
8590
859
85865
858
8578
8577
8576
8575
8574
8573
8572
8570
857
8569
8568
8567
8566
8565
8564
8563
8562
8560
8559
8558
8557
8556
8555
8554
8553
8552
8551
85508
8550
85495
8549
85481
85480
8548
85478
85477
85476
85474
8547
85465
85464
85463
85462
85461
85460
8546
85459
85458
85457
85456
85455
85453
85452
85451
85450
8545
85449
85446
85444
85443
85442
85441
85440
8544
85439
85438
85437
8543
8542
85416
85415
85414
8541
85409
85407
85406
85403
8540
85395
85391
85390
8539
85388
8538
85379
85378
85377
85371
8537
85369
85366
85365
85364
85363
85360
8536
85359
85358
85352
8535
8534
8533
85329
8532
85317
85316
85315
85313
8531
85302
85301
85300
8530
8528
8527
8526
8525
85236
85235
8522
8521
8520
8519
8518
8517
8515
8514
8512
8511
8510
8509
8508
8507
8506
8505
8504
8503
85028
85027
85026
85025
85021
8502
85019
85016
85015
85014
85013
85012
8501
85009
85007
85002
85001
8500
84993
84992
84991
8499
84989
84988
84987
84986
84985
84984
84981
8498
84978
84976
84975
84973
84971
84970
8497
84969
84967
84966
84964
84962
84961
84960
8496
84959
84958
84957
84955
84954
84953
84952
84951
84950
8495
84948
84947
84946
84945
84944
84942
84941
84940
84939
84938
84937
84936
84935
84934
84933
84932
84930
8493
84929
84928
84926
84925
84924
84923
84922
84920
8492
84919
84918
84916
84915
84914
84913
84912
84911
84910
8491
84909
84908
84905
84904
84902
84901
84900
8490
84899
84898
84897
84896
84895
84894
84893
84892
84891
84890
84889
84888
84886
84885
84883
84881
84879
84878
84876
84875
84874
84872
84870
8487
84869
84868
84867
84866
84865
84864
84861
84859
84858
84856
84852
84851
84850
84849
84848
84847
84844
84842
84839
84838
84837
84836
84833
84832
84830
8483
84826
84823
84820
8482
84818
84817
84816
84815
84814
84812
84811
8481
84809
84808
84807
84804
84803
8480
84798
84795
84793
84792
84791
84790
8479
84789
84787
84775
84771
8477
84769
84766
84765
8476
84759
84752
84750
84749
84747
84740
84734
84733
8473
84727
84726
84725
84722
84720
84719
84717
8471
84709
84708
84707
84706
84705
84700
8470
84699
84698
84696
84695
84693
84691
84690
84688
84687
84684
84681
84680
8468
84679
84678
84675
84674
84671
8467
84669
84668
84667
84665
84662
84661
84660
84659
84657
84656
84651
84650
84649
84645
84641
84640
8464
84634
84632
84631
84630
8463
84629
84628
84627
84626
84624
84623
84622
84620
8462
84619
84617
84614
84612
8460
8459
8458
84572
84570
84561
84559
84557
84553
84552
8455
84549
84548
84547
84546
84545
84542
84541
8454
84539
84536
84532
84530
8453
84529
84528
84527
84524
84522
84520
8452
84519
84518
84517
84516
84515
84514
84513
8451
84504
84503
84502
84501
8450
84498
8449
8448
8447
84467
84466
84465
84464
84461
84460
8446
84458
84457
84456
84455
84451
84450
8445
84449
84448
84447
84446
84445
84444
84441
84440
8444
84439
84437
84436
84435
84433
8443
84418
84417
8440
844
8439
8438
84376
8437
84366
84365
84364
84343
84342
84340
8434
84337
84336
84335
84334
84333
84332
84331
84330
8433
84329
84328
84327
84326
84324
84321
84320
84319
84318
84317
84316
84315
84314
84313
84312
84311
84310
84309
84307
84306
84305
84304
84303
84302
84301
84300
843
84299
84298
84296
84295
84294
84293
84292
84290
84289
84288
84287
84286
84285
84284
84283
84282
84281
84280
8428
84279
84278
84277
84276
84275
84274
84273
84272
84271
84270
8427
84269
84268
84267
84266
84265
84264
84263
84262
84261
84260
84259
84256
84255
84254
84253
84251
84250
8425
84249
84248
84247
84246
84245
84243
84240
8424
84239
84236
84233
84232
84231
84230
84226
84225
84224
84223
84222
84221
84220
84219
84218
84217
84216
84210
84206
8420
842
84197
84196
84193
84191
84190
84189
84188
84187
84186
84182
84181
84179
84176
84174
84173
84172
84171
8417
84168
84167
84166
84164
84163
84162
8416
84159
84154
84153
84152
84148
84146
84144
84142
84141
84140
84138
84135
84134
84133
84132
84131
84129
84128
84126
84125
84124
8412
8411
84109
84108
84107
84106
84105
84102
84101
84100
841
8409
84085
84084
84083
84081
84080
8408
84079
84078
84077
84074
84073
84071
84070
8407
84069
84068
84067
84066
84065
84064
84063
84062
84061
84060
8406
84059
84058
84057
84056
84054
8405
8404
84034
84033
8403
8402
84002
84000
840
83999
83992
83990
8399
83989
83988
83987
83986
83985
83983
83982
8398
8396
83959
83957
83956
8395
83943
83942
83941
83940
8394
83939
83938
83937
83935
83933
83932
83931
83930
83903
839
83894
83893
83892
83891
83888
83887
83886
83884
83882
83881
83879
83878
83877
83876
83874
83873
83872
83871
83862
83861
83860
83858
83857
83856
83855
83854
83853
83852
83851
83850
83849
83844
8379
83787
83786
83759
83758
83756
83752
83746
83744
83743
83742
83737
83734
83733
83732
83729
83723
8372
83719
83716
83715
83714
83707
83706
83700
8370
83699
83698
83697
83696
83695
83694
83693
83692
83690
8368
8367
83667
83666
83661
83660
8366
83659
83658
83650
8365
83648
83643
83642
83641
83640
8364
83639
83638
83637
83636
8362
8361
83608
83607
83606
83605
83604
8360
836
83596
83595
83594
83593
83592
83591
83590
8359
8358
8357
8356
83552
8355
83549
83548
83547
83546
83544
83543
83541
83540
8354
83539
83538
8353
8352
8351
8350
835
8349
83483
83482
83481
83480
8348
83479
83478
83475
83473
8347
83468
83464
83463
83461
83460
8346
83452
83451
83450
8345
83449
83448
83447
83445
83444
83443
83442
83440
8344
83439
8343
8342
8341
83401
8340
83394
8339
8338
8337
8336
8335
8334
8332
8331
8330
833
8329
8326
83259
8325
8324
8323
8322
8321
8320
832
8318
8317
8315
8314
8313
8312
8310
831
8309
8303
8301
830
8295
8294
8292
8291
8290
829
8289
8288
8284
828
8273
8270
827
8269
8266
8263
8260
826
825
8243
8242
8241
824
8239
8237
8233
823
8228
8227
8226
8225
8224
8220
822
8218
8216
8214
821
8209
8208
8204
8202
820
8195
81932
81931
81930
8193
81929
81928
81926
8192
819
81894
81893
81892
81890
8189
81889
81888
81887
81876
81875
81873
8187
81858
81857
81856
81855
81854
81853
81849
81848
81847
81846
81844
81839
81832
81831
818
81796
81794
81793
81792
81790
81789
81788
81786
8178
8175
8174
81706
81704
8170
817
81698
81697
81693
81691
81689
81688
81671
81669
8165
81631
81629
81628
81627
81626
81624
81622
81621
81620
81619
81618
81617
81616
81615
81614
81611
81610
8161
81609
81608
81607
81606
81605
81603
81602
81579
81578
81577
81576
81575
81573
81572
81571
81570
81567
81566
81565
81563
81562
81559
81558
81557
81556
81555
81554
81553
81552
81551
81550
81545
81544
81543
81542
81539
81537
81533
81532
8153
81502
815
81493
81491
81490
81488
8148
81472
8140
814
8139
8131
813
81285
8128
8125
8123
8120
8115
8111
8110
811
8106
81037
81035
81034
81033
81031
81030
81029
81027
8100
81
8099
80975
8092
8091
80896
80895
8089
8087
80864
80863
80862
8086
80856
80854
80853
80852
80851
8085
80833
80832
80830
80829
80824
80823
80821
80820
8082
80818
80817
80816
808
80790
8079
80789
80781
8078
80778
80777
80776
80775
80774
80772
80765
80764
80763
80762
80761
80760
8076
80759
80758
80755
80746
80745
80742
80741
80740
8074
80739
80736
80731
8073
80728
80727
80726
80725
80724
80723
80714
80709
80705
80704
80700
8065
8061
8050
805
8048
8045
80381
80380
8038
8036
80352
80351
80350
80349
80347
80346
80345
80344
80342
8034
80339
80336
80335
80333
80332
80331
80329
80328
80326
80325
80324
80323
80321
80320
80319
80318
80317
80315
80314
80313
80312
80311
80310
8031
80308
80306
80305
80304
80303
80301
8030
80298
8029
8028
80279
80274
80273
80271
80270
8027
80267
80264
80263
80262
80258
80256
80255
80254
80243
80237
80235
80233
80232
80231
80230
80228
80227
80224
80223
80222
80221
80219
80218
80217
80216
80215
80213
80212
80210
8021
80209
80208
80207
80206
80205
80204
80201
80199
80198
80196
80195
80194
8019
80185
80184
80183
80179
80178
80177
80176
80174
80173
80169
80167
80164
80162
80161
80155
80154
80153
80152
80150
80149
80148
80146
80145
80144
80143
80142
80139
80135
80133
80131
8013
80129
80128
80127
80124
80122
80119
80115
80114
80110
80108
801
80099
80097
80095
80094
80086
80072
80071
80070
80069
80067
80063
80059
80055
80054
80045
80039
80036
80035
80034
80032
80031
80028
80025
80024
80023
80022
80021
80020
80019
80018
80017
80014
80013
80012
80011
80010
8001
80008
80007
80006
80005
80004
80003
80000
8000
800
79998
79993
79992
79991
79990
79989
79987
79986
79983
79982
79980
79979
79977
79974
79973
79971
79970
79969
79968
79966
79963
79962
79961
79960
79959
79958
79957
79956
79955
79954
79953
79948
79947
79946
79944
79943
79940
7994
79939
79937
79934
79933
79932
79931
79930
7993
79929
79927
79925
79924
79923
79922
79921
79919
79918
79917
79915
79913
79912
7991
79908
79906
79905
79903
79902
79901
799
79899
79898
79897
79896
79894
79893
79892
79891
79890
79888
79887
79886
79885
79884
79883
79882
7988
79879
79877
79876
79875
79874
79873
79872
79871
79870
79869
79868
79867
79866
79865
79864
79863
79862
79858
79857
79856
79854
79853
79852
79850
79848
79847
79846
79845
79844
79843
79842
79841
79840
7984
79839
79838
79837
79834
79833
79832
79831
79830
79829
79828
79827
79825
79823
79822
79820
7982
79819
79818
79817
79816
79815
79814
79813
79812
79811
79810
79809
79807
79805
79803
79802
79801
79800
7980
79798
79797
79796
79794
79792
79791
7979
79789
79788
79786
79784
79783
79782
79781
79780
7978
79778
79777
79776
79774
79772
79770
79768
79767
79763
79762
79760
7976
79759
79758
79755
79754
79753
79752
79751
79750
7975
79746
79745
79744
79742
79741
79740
79739
79738
79736
79735
79734
79733
79731
79730
79729
79728
79727
79726
79725
79724
79723
79720
79719
79718
79717
79716
79714
79713
79712
79711
79710
79709
79707
79706
79705
79703
79701
797
79699
79698
79697
79696
79695
79694
79693
79692
79691
79690
79689
79686
79685
79684
79683
79682
79680
79679
79677
79676
79675
79674
79673
79672
79671
79670
79669
79668
79667
79666
79665
79664
79663
79661
79660
79659
79658
79657
79656
79654
79652
79651
79650
7965
79649
79648
79647
79646
79645
79644
79643
79642
79641
79640
79639
79637
79635
79634
79633
79632
79631
79630
79629
79628
79627
79626
79625
79624
79623
79622
79621
79618
79616
79613
79612
79611
79609
79608
79607
79605
79603
79602
79600
79598
79596
79595
79594
79591
79590
79589
79587
79586
79585
79583
79582
79581
79577
79576
79575
79573
79572
79571
79570
7957
79568
79567
7955
79541
79473
79469
79465
79447
79446
79444
79443
79442
79441
7942
79415
79414
79413
79412
79411
7941
79400
794
79370
79369
79368
79366
79365
79364
79363
7936
7932
79315
793
79269
79258
79230
7923
79228
7922
7920
79192
79191
79190
7919
79188
79187
79184
79183
79180
7918
79178
79177
79176
79175
79174
79173
79172
79171
79170
7917
79169
79168
79166
79165
79161
7916
79159
79158
79157
79156
79155
79154
79153
79152
7915
79149
79147
79145
79144
79143
79142
79140
79139
79137
79135
79134
79133
79132
7913
791115
791114
79109
79102
79101
79100
79098
79096
790955
790952
79095
79094
79092
79091
79090
79089
79088
79087
79086
79085
79084
79083
79081
79080
79078
79077
79075
79074
79073
79072
79071
79070
79068
79066
79065
79064
79058
79057
79056
79054
79053
79050
7905
79048
79047
79042
79041
79039
79038
79037
79036
79035
79034
79033
79031
7903
79029
79027
79026
79025
79023
79022
79020
79019
79018
79017
79016
79015
79012
79009
79008
79007
79006
79005
79004
79003
79002
79001
79000
790
78999
78998
78997
78996
78995
78994
78992
78991
78990
78989
78988
78987
78986
7884
7881
788
7879
7874
7873
7871
7869
7867
7866
7862
786
7857
7855
7852
7851
785
7849
7846
7844
7841
7840
784
7837
7832
783
782
7818
7813
7812
781
780854
780851
780776
7805
7804
7803
7802
780
7799
7798
7791
779
7786
7784
7782
7781
7780
778
7779
7776
7775
7773
7772
7771
7770
777
7769
7768
7767
7766
7764
7763
7762
7761
7760
776
7757
7756
7755
7754
7753
7752
7750
775
7748
7746
7745
7743
7741
774
7739
7738
7737
7733
7732
7730
773
7728
7727
7726
7718
7716
7712
7711
7710
771
7709
7707
7706
7705
7704
7703
7702
7701
7700
770
7699
7697
7696
7695
7694
7693
7692
7691
7690
7686
768239
768220
768213
768211
768206
768097
768
767846
767811
7678
767558
7675
7673
767
766
7652
7644
7643
7639
7638
7637
7634
7633
7629
7627
7626
7625
7621
7620
762
761
760
7597
7596
7594
7593
7592
759
7589
7587
7586
7584
7582
7581
7580
758
7579
7576
7574
7572
7571
7570
757
7569
7568
7567
7566
7565
7564
7562
7561
7559
7556
7555
7554
7553
7552
7551
755
7549
7547
7546
7545
7544
7543
7542
7541
754
7539
7538
7536
7535
7534
7533
7532
7531
753
7529
7528
7525
752014
7520
752
7518
7517
7516
7515
7514
7512
7511
751071
7508
7507
7504
7503
750
7499
7498
7494
7486
7485
7484
7483
7482
7481
7480
7479
7477
7476
7475
7474
7473
747
7469
7468
7466
7465
7464
7462
7461
746
7458
7456
7454
7453
7450
745
7448
7447
7444
7443
7442
744
7439
7436
7434
7433
7431
7430
7429
7428
7425
7424
7423
7422
7421
7419
7417
7416
7415
7414
7411
7410
741
7409
7408
7407
7405
7404
7403
7402
7401
740
7399
7398
7392
7391
7390
7389
7388
7386
7385
7384
7381
7380
738
7379
7378
7376
7375
7374
7373
7372
7371
7368
7367
7366
7365
7360
7358
7357
7355
7353
7352
7351
7350
735
7349
7348
7347
7345
7343
7342
7341
734
7337
7336
7335
7334
7332
7329
7328
7327
7326
7325
7324
7323
7322
7321
7320
732
7319
731789
731779
7317
731656
7316
731424
7314
731275
7311
730971
7307
730668
7305
730394
730227
7302
730198
730183
730130
730112
730102
730101
7301
730094
730092
730091
730087
730051
730005
730
729993
729991
729987
729975
729970
729967
729956
729920
7299
729873
729857
729852
729830
7298
729799
729747
729739
729737
729732
729723
7297
729683
729678
729665
729648
729633
729627
729614
729609
729603
7296
729597
729540
729533
729528
729522
729515
7295
729475
729444
729440
729438
7294
729375
729359
729338
729330
7293
729288
729250
729246
729240
729234
729233
729220
7292
729178
729177
729171
729156
729121
7291
729096
729092
729085
729082
729080
729059
729041
729025
729020
729013
7290
728989
728978
728963
728957
728945
728939
728932
728929
728927
728912
7289
728882
728875
728858
728855
728841
728833
728819
728806
7288
728780
728773
728758
728752
728743
728739
728730
728724
728723
7287
728661
728658
728643
728642
728640
728635
728622
728621
728619
728613
728609
728606
7286
728591
728577
728568
728558
728554
728537
728495
728492
728489
728463
728461
728448
728431
728411
728407
728404
7284
728392
728378
728377
728361
728342
728340
728323
728310
7283
728294
728276
728264
728262
728239
728233
728218
728215
728194
728192
728190
728175
728130
728118
728116
728096
728090
728082
728075
728072
728066
728062
728053
728049
728047
728042
728039
728036
728024
728012
7280
728
727982
727957
727956
727936
727910
727897
727896
727851
727849
727832
727830
727800
7278
727758
727708
7277
727699
727676
7276
7275
7274
7273
7272
7270
727
7268
7267
7266
7265
7264
7263
7262
7260
726
7259
7257
7253
7251
725
7249
7248
7247
724102
724087
724033
723972
723809
723790
7227
7226
7225
7224
7223
7222
7221
7220
7216
7205
7204
7203
7201
720
72
7190
7189
7188
7187
7186
7185
7184
7182
7181
718
7178
7175
7174
7173
7172
7171
7170
717
7169
7168
7167
7166
7165
7164
7163
7162
7161
716
7159
7158
7157
7156
7155
7153
7152
7151
7150
715
7148
7145
7143
7139
7138
7137
7136
7135
7134
7133
7132
7130
7128
7127
7126
7125
7124
7122
7114
7113
7112
7111
7110
711
7109
7108
7107
7106
7105
7102
7101
7100
710
71
7099
7097
7095
7094
7093
7092
7091
7090
7089
7088
7087
7086
7084
7083
7082
7080
708
7079
7078
7077
7076
7075
7074
7073
7072
7071
7070
7069
7068
7067
7066
7064
7060
706
7059
7058
7057
7056
7052
7051
7050
705
7049
7048
7047
7046
7045
7044
7043
7042
7041
7040
7039
7037
7036
7035
7030
7029
7027
7026
7025
7024
7023
7022
7021
7020
7019
7018
7016
7015
7014
7013
7012
7011
7010
701
7009
7008
7007
7006
7005
7004
7003
7001
70
6998
6997
6996
6993
6992
6991
6990
699
6988
696
6954
6950
695
6949
6948
6947
6945
6944
6943
6942
6941
6940
694
6939
6938
6936
6935
6934
693235
693233
693230
693229
693228
693225
693220
693208
693204
693201
6932
693197
693196
693189
693188
693178
693175
693166
693158
693157
693155
693151
693146
693144
693142
693138
693131
693130
693129
693122
6929
6928
6927
6926
6925
6924
692312
6923
692235
692234
692233
692227
692226
692224
692223
692213
692212
692210
692205
692202
692201
692199
692196
692158
692157
692148
692110
692109
692107
6921
692099
692094
692093
692089
692088
692086
692084
692075
692073
692072
692063
692058
692057
692053
6919
6917
6916
6915
6913
6911
6910
6909
6908
6907
6905
6904
6903
6902
6901
6900
6899
6898
6897
6895
6894
6892
6891
6890
689
6888
6886
6885
6884
6883
6882
6881
6880
688
6879
6878
6877
6876
6875
6874
6873
6872
6871
6870
687
6869
6868
6867
6866
6865
6863
6861
6860
686
6857
6856
6855
6854
6853
6850
684959
6846
6845
6844
6843
6840
684
6839
6838
6837
6836
6835
6834
6833
6832
6830
683
6829
6827
6822
6821
6820
682
6819
6817
6815
6814
6813
6812
6811
6810
6809
6804
6801
6799
6795
6794
6793
6792
6791
6790
6789
6788
6787
678655
6786
6785
6783
6782
6781
6780
678
677885
677882
677847
677845
677842
677841
677839
677838
677834
677833
677832
677831
677830
677829
677828
677826
677825
677823
677822
677820
677819
677817
677816
677814
677813
677811
677810
677809
677808
677807
677806
677805
677803
677802
677801
677800
6778
677799
677798
677797
677796
677795
677794
677793
677792
677784
677781
677780
677779
677777
677775
677774
677773
677772
677771
677770
677769
677768
677767
677766
677765
677763
6777
677681
677679
6776
6775
6774
6773
6772
6770
677
6769
6768
6767
6764
6760
676
6758
6757
6756
6755
6753
6752
6751
6750
675
6749
6748
6747
6746
6745
6744
6742
6741
6738
6737
6734
6733
6732
6731
6730
673
6729
6728
6727
6726
6725
6723
6722
6721
6720
672
6718
6717
6715
6714
6713
6712
6711
6710
6709
6708
670
6697
6696
6695
6693
6692
6691
6690
669
6689
6688
6687
6683
668
6678
6677
6676
6675
6674
6672
6671
6670
667
6668
6667
6666
6665
6664
6663
6662
6660
666
6659
6658
6657
6656
6655
6654
6653
6652
6651
6650
665
6649
6648
664709
664701
6647
664618
6646
6645
6643
6642
6641
6640
664
6638
6637
6636
6635
6634
6633
6632
6631
663
6629
6628
6627
6626
6625
6624
6623
6622
6621
6620
662
6619
6618
6617
6616
6615
6614
6613
6612
6611
6610
661
6609
6608
6607
6606
6605
6604
66037
66036
66035
6603
6602
6601
66008
66005
66004
66000
65999
65998
65997
65996
65993
65992
65991
65990
6599
65989
65988
65987
65986
65985
65983
65982
65981
65980
6598
65979
65977
65975
6597
6596
6595
6594
6591
659
6588
6586
6585
6584
6583
6582
6581
6580
658
6579
6578
6576
6575
6574
6573
6572
6571
657
6567
6566
6565
6564
6563
6560
656
6559
6558
6557
6556
6555
6554
6553
6550
655
6549
654841
654817
654816
6548
654790
6547
6546
6545
654483
654466
654463
654434
654433
654429
654412
654364
654322
654321
654320
654319
6543
654254
6542
6541
6540
654
6539
653857
653820
653808
6538
653786
653784
653712
653677
653659
653653
653645
653643
653641
653635
653604
6536
653583
653567
653519
653513
653501
6535
653499
653489
653483
653479
653464
653404
6534
653399
653390
653361
653333
653319
653316
653308
6533
653282
653275
653269
653268
653247
653238
6532
653190
653188
653162
653160
653145
653121
653114
653113
6531
653075
653061
6530
653
652995
652968
652966
652965
6529
6528
6527
65268
65267
65266
65265
65264
65263
65260
6526
65258
65251
65250
6525
65249
65244
65243
6524
6523
652276
65220
6522
65217
6521
6520
652
6519
6518
651746
6517
6515
651430
6514
6513
65125
65124
65123
6512
65117
65110
6511
65109
65108
6510
651
65095
65094
6509
65084
65083
65082
65080
6508
650794
65078
65072
6507
650669
650655
65065
650623
65062
65061
6506
65059
65057
65056
65055
6505
650368
6503
650293
650226
6502
65018
65012
65010
65009
65008
65005
65003
6500
650
649946
6499
64983
64981
6498
64979
64978
64976
64975
6497
64969
64968
64965
64963
64960
6496
64951
6495
64949
64946
649446
64943
64940
6494
6493
64928
64927
64926
64925
64924
64922
64921
64919
649159
649133
6491
64902
64901
64900
6490
649
648987
64897
64895
6489
64881
648809
648791
648740
6487
648691
64866
64864
64863
64860
64859
64858
64857
64856
64855
64854
64853
64852
64850
64849
64848
64847
64844
64843
64841
64840
6484
64839
64838
64837
64834
6483
6482
64805
64802
64801
64800
6480
648
64799
64798
647979
64795
647946
64794
64793
64792
64789
64788
64787
64786
647859
64785
64784
64783
64782
64781
64780
6478
64779
64778
64777
64776
64773
64772
64771
64770
6477
64769
64768
64766
64764
64763
64762
64761
64760
64759
64757
64756
64755
64754
64753
64750
64748
647476
64747
64746
64745
64744
64743
6474
647310
6473
647288
647219
6472
647190
64718
647174
64714
647135
647121
647107
64710
647087
64708
647042
647033
647024
6470
646999
64699
646982
646960
646938
64693
646903
6469
646892
64689
646851
64682
6468
646799
646762
646736
646719
646658
646643
646626
646603
646600
646576
64651
646508
646471
646457
646450
64645
646424
646405
6464
646396
646329
646324
646300
646282
646278
646214
646201
6462
646174
646113
6461
646096
646074
646024
646023
646019
64601
646
645996
64599
64598
645974
645961
645958
64595
645949
6459
645884
645864
645843
645832
64582
645811
64581
6458
645784
64577
645752
6457
645687
645683
645682
645676
645644
645638
6456
645520
645513
6455
645455
645432
645431
645426
645369
645367
645332
645323
6453
645212
645206
6452
645191
64518
645166
645158
645142
645121
6451
64506
6450
645
644997
644990
64499
644974
644962
644961
644943
644936
64493
6449
644873
644838
644815
644809
6448
64478
644714
6447
644669
644660
644656
644619
6446
644596
644591
644554
644538
644524
644511
6445
644444
6444
644353
64434
64433
64432
644316
644314
64431
64430
6443
64429
64428
64427
64426
64425
644246
644242
64423
64422
64421
64420
64419
644186
64418
644172
64417
644168
644165
644150
644128
64412
64411
64410
6441
644096
64409
644068
644054
64403
644019
64400
644
64399
643988
64398
64397
643965
64396
64395
64393
643911
643904
6439
64388
643866
64386
643853
643837
643836
643770
64377
643763
64376
64375
643749
64374
643719
643711
643677
643669
643650
643641
643623
643596
64359
643542
64344
643432
64343
64342
643406
643401
6434
643382
643376
643339
643338
643332
64333
64332
643314
6433
64328
64327
64326
643253
643246
64324
643224
643210
643201
64320
6432
64319
643180
64318
643155
6431
643008
6430
643
642987
642968
642946
642938
642924
6429
64288
642852
64285
642846
642843
64284
64283
642826
64282
642819
6428
642799
6427
642658
642636
6426
642587
642559
642517
6425
642475
642426
642423
64241
6424
642366
642361
64236
6423
642280
642273
64225
64224
642236
64223
64222
64221
64220
6422
64219
64218
64216
64215
64211
64210
6421
64208
64207
642
641977
6419
64180
6418
64175
64172
641702
641700
64170
64168
64167
641649
641648
641638
6416
641517
641516
641515
64151
64150
6415
64149
64147
641467
64146
641455
641451
64145
6414
641373
641372
641371
64137
641367
641364
64135
641339
64132
641311
64131
64130
641298
64129
64127
64123
64122
64121
64118
64116
64115
64114
64112
64110
64108
64105
64102
64101
641
64098
64097
64094
64093
64091
64089
64087
64084
64083
64081
64080
64078
64077
64073
64072
64067
64065
64064
64063
64062
64061
6406
6405
6404
6402
64005
6400
6399
63982
6398
63979
63978
63977
63976
63973
63971
63970
6397
63967
6396
63951
63950
63943
63941
63940
63939
63935
63934
63933
63932
63931
63930
63929
63928
63926
63925
63924
63923
63922
63920
6392
63917
63916
63914
63910
6391
63908
63906
63905
63901
6390
639
63899
63898
63897
63895
63894
63893
63892
63891
6389
6388
63877
63876
63875
63874
6387
6386
6385
6383
63827
63826
6382
638
6376
6375
6374
6372
637
6367
6360
636
6359
6352
635
6349
6347
6345
6344
6343
6342
6341
6340
634
6339
6337
6335
6334
6332
6331
6330
633
6329
6327
6326
6324
6323
6322
6320
6319
6318
6317
6314
6311
6310
631
6309
6307
6305
6304
63036
63035
6303
63027
6302
6301
6300
6299
6297
6296
6294
6293
629
6289
6288
6284
6282
6281
6277
6275
6274
6272
6271
627
6263
6262
6261
6259
6257
6256
6253
6252
6251
6249
6248
6247
6242
6241
6240
624
6239
6238
6237
6236
6235
6234
6233
6232
6231
6230
6229
6228
6227
6224
6223
6222
622
6217
6210
6209
6208
6207
6206
6205
6204
6203
6202
6201
6199
6198
6197
6196
619571
619568
619567
619565
619564
619562
619505
6195
619499
619498
619455
6194
619383
619373
619343
6193
619279
619208
619207
619190
619189
6191
6189
6188
6187
6185
6184
6183
6182
6181
618
6176
6175
6173
6171
6170
617
6169
6168
6167
6166
6165
6164
6161
6160
6159
6158
6157
6156
6155
6154
6152
6150
6147
6146
6144
6143
6142
6141
6139
6138
6137
6136
6135
6134
6133
6132
613038
613037
6130
613
6129
6128
6125
6124
6123
6122
6121
6120
6119
6118
6117
611
6103
6102
6100
610
6097
6096
6095
6094
6093
6092
6091
6086
6085
6084
6083
6082
6081
6080
608
6079
607
60686
60685
60684
60682
60681
60680
60678
60677
60676
60675
60674
60673
606724
60672
6066
606495
60626
60625
6060
60598
60592
6059
60561
60560
60559
60558
60529
60528
60526
6051
60509
60506
6050
605
60496
60495
60494
60493
60492
60491
60490
6049
60489
60488
60487
60485
60484
60482
60481
6048
6047
60468
6046
6045
6044
60437
60436
6043
60412
6041
60401
604
60386
60385
6038
60370
6036
6035
60343
60314
60313
60312
6029
6023
602
6019
6018
6016
6015
6014
6011
6009
6007
6006
6004
6002
6001
6000
60
5998
5997
5996
5995
5994
5993
5992
5991
5990
599
5989
5988
5987
5986
5985
5984
5983
5982
5981
5980
598
5979
5978
5977
5976
5973
5971
5970
5967
5966
5965
5962
5961
596
5959
5957
5955
5954
595135
595101
595100
595099
595098
595097
595
5949
594855
594842
594840
594839
594838
594837
5948
5947
594
5939
5937
5936
59353
59352
59351
5935
59349
59348
59345
59344
59343
59342
59341
59340
5934
59339
59338
5933
5932
5931
59307
5930
593
5929
59286
59285
59284
59283
5928
59277
59274
59272
59271
5927
59269
5926
5925
5924
5923
5922
5921
5920
5919
5918
5917
5916
5915
5914
5913
5912
5911
5910
5909
59084
5908
5906
5905
5903
5902
5901
5900
590
59
5899
58986
58985
5898
5897
5896
5894
5893
5892
5891
5890
5889
5888
5887
5886
5885
5884
5883
5881
5880
5879
5878
5877
5876
5875
5874
5873
5872
5871
5870
587
5869
5868
5867
5866
5865
5864
5863
5862
5861
5860
586
5859
5858
58533
58530
58529
58528
58527
58526
58525
58517
58516
58515
58513
58512
58509
58508
58506
58505
58504
58500
585
58499
58498
58497
58496
58495
58494
58493
58492
58491
58490
58489
58488
58487
58486
58485
58484
58480
58478
58477
58476
58475
58473
58472
5837
5836
5834
5833
5832
5831
5830
583
5829
5828
5827
5826
5825
5824
5822
5820
582
58191
58190
5819
5818
5817
58160
5816
58155
5814
5813
5810
581
5806
5805
5803
5802
5801
5800
580
58
5799
5798
5797
5796
5795
5794
5793
5792
5791
5790
579
5789
5788
5787
57864
57863
57862
5786
5784
57835
57834
5783
57828
57827
57826
57823
57822
57821
57820
5782
57819
57818
5781
57805
57804
57801
5780
578
57799
57798
57795
57794
57787
57786
5778
5777
57763
57761
57758
5775
5774
57732
57731
57730
57728
57727
57724
57722
57721
57720
57719
57718
57717
57716
57715
57713
57711
57710
5771
57709
57708
57707
57706
57705
57704
57703
57701
57700
5770
577
57699
57698
57697
57696
57695
57693
57692
57691
57690
57688
57687
57685
57684
57683
57680
5768
57679
57678
57677
57674
57673
57670
57669
57666
57665
57664
57663
57662
57661
57659
57658
57657
57655
57654
57653
57650
57649
57648
57647
57646
57645
57644
57643
57642
5764
57639
57636
57634
57633
57631
57630
5763
57628
57624
57623
57622
57621
57620
57619
57617
57616
57615
57614
57613
57611
57610
57609
57608
57606
57605
57604
57602
57600
576
57599
57597
57596
57595
57594
57593
57592
57591
57590
57589
57587
57586
57585
57584
57583
57582
57580
57579
57578
57577
57576
57575
57574
57573
57572
57571
57570
5757
57569
57568
57567
57565
57563
57562
57561
57560
5756
57559
57558
57556
57555
57553
57552
57551
57549
57547
57546
57545
57544
57542
57541
57540
5754
57539
57538
57537
57536
57535
57534
57533
57532
57531
57530
5753
57529
57528
57526
57524
57523
57522
57521
57520
57519
57515
57514
57513
57512
57511
57510
57509
57508
57507
57506
57505
57504
57502
57501
575
57498
57497
57496
57495
57494
57493
57492
57491
57489
57488
57486
57484
57482
57481
57480
57479
57478
57477
57476
57475
57474
57473
57472
57471
57470
5747
57469
57468
57467
57466
57465
57464
57463
57462
57461
57460
5746
57459
57458
57456
57455
574538
57453
57452
57451
574508
574501
5745
57449
57448
57447
57446
574444
574407
5744
5743
5742
57419
57418
57415
57414
57412
57410
57409
57408
57407
57406
57405
574042
574040
57404
574036
57403
574029
57402
5740
574
57396
57393
57381
57380
5738
57379
57369
57348
57343
5734
57338
57337
57336
57335
57333
57332
5733
57326
57325
5732
5731
5730
573
57291
57282
5728
5727
5725
5724
57234
57232
57231
5723
57228
57226
57224
57223
57222
57221
57217
57216
57215
57214
57213
57212
57211
57210
5721
57205
5720
572
57198
57194
57192
57191
57190
5719
57189
57188
57187
57186
57185
57184
57182
57181
57180
5718
57179
57178
57176
57175
57172
57171
5717
57169
57168
57167
57165
57162
57161
5716
57159
57158
57157
57156
57154
57153
57150
5715
57149
57148
57147
57146
57144
57143
57142
57140
5714
57139
57136
57134
57132
57130
5713
57129
57128
57127
57126
57125
57124
57122
57121
57120
57119
57118
57117
57116
57111
57110
5711
57109
57107
57106
57104
57103
57102
57101
5710
571
57099
57097
57096
57095
57094
57092
57091
5709
57089
57088
57085
57084
57082
5708
5707
57062
57061
57060
5706
57057
57053
57050
5705
57048
57047
57045
5704
57038
57037
57035
57030
57026
57020
5702
57019
57018
57017
57016
57010
5701
57007
57003
57002
57001
5700
570
56999
56998
56997
56996
56995
56994
56993
56992
56990
5699
56987
56986
56985
56984
56983
56981
56980
5698
56979
56978
56977
56975
56971
56970
5697
56969
56967
56965
56963
56961
5696
56957
56955
56954
56953
56952
56951
56950
5695
56949
56948
56947
56946
56945
56944
56943
56942
56941
56940
5694
56938
56937
56936
56935
56934
56931
5693
56929
56928
56927
56926
56925
56924
56923
56922
56920
5692
56919
56918
56917
56916
56915
56913
56912
56911
56910
5691
56907
56906
56905
56904
56903
56902
56901
56900
5690
56899
56898
56897
56896
56895
56894
56893
56892
56891
56890
5689
56889
56888
56886
56882
5688
5687
5686
56853
56852
56851
56850
5685
56849
56848
5684
56834
56832
5683
56829
5682
5681
56776
56731
56704
567
5669
56683
56681
56675
56674
56673
56672
56666
56660
56659
56658
56655
56654
56652
56651
56650
56649
56648
56647
5664
5663
56624
56623
5662
56616
56606
56605
56603
5660
566
5655
56548
56547
5654
5653
56521
5652
5650
5648
56479
56478
56477
56475
56474
5646
56413
5641
5639
5638
5636
5635
56342
56341
5634
56339
5631
56301
56300
5630
563
5629
56288
56271
56270
5627
56267
56265
56262
56261
56260
5626
56259
56257
56256
56255
56254
56253
56252
5625
56246
56245
56244
56243
56242
56241
5624
5623
5621
56204
56203
56181
56180
5618
56172
56171
56169
56165
56164
56160
5616
56159
56158
56157
56156
56155
56154
56147
56146
56145
56144
56143
56142
56141
56140
56139
56138
56137
56136
56135
56134
56133
56132
56131
56130
5613
56129
56128
56127
56126
56125
56124
56123
56122
56121
56120
5612
56114
56113
56112
56111
56110
5611
56109
56108
56107
56106
56105
56104
56103
56102
56101
56100
5610
56099
56098
56097
5609
5608
5607
56063
56062
56061
5606
56052
5605
5604
56034
56033
5603
5602
5601
56006
56005
5600
56
5599
5598
55975
55974
55973
55972
55971
55970
5597
55969
55968
55967
55966
55964
5596
55959
55958
55957
55954
5595
5594
55937
55930
5593
55929
55924
55922
55920
5592
55917
55916
55915
55914
55911
5591
55909
55908
55907
55906
55905
55904
55902
55901
55900
5590
55898
55893
55892
55891
55890
5589
55888
55885
55884
5588
55879
55876
55872
55871
55870
5587
55869
55863
55862
55861
55860
5586
55859
55858
55857
55856
55855
55854
55853
55852
55851
55850
5585
55848
55847
55846
55845
55844
55841
55840
5584
55839
55837
55835
55833
55832
55831
55830
5583
55829
55827
55825
55824
55823
5582
55819
55818
55816
55815
55814
55813
55812
55811
55810
5581
55809
55808
55806
55805
55803
55802
55800
5580
558
55799
55798
55796
55795
55794
55793
55791
55790
5579
55789
55788
55787
55786
55785
55784
55783
55781
55780
5578
55779
55778
55777
55776
55775
55773
55771
55770
5577
55769
55768
55766
55765
55764
55763
55762
55761
55760
5576
55759
55758
55757
55756
55755
55754
55753
55752
55751
55750
5575
55749
55748
55747
55746
55745
55744
55743
55742
55741
55740
55739
55738
55737
55735
55734
55733
55732
55731
5573
55729
55728
55727
55726
55723
55722
55721
55720
55719
55718
55717
55716
55715
55714
55713
55711
5571
55709
55707
55706
55705
55704
55703
55702
55701
55700
5570
55699
55698
55697
55696
55695
55693
55692
55691
55690
5569
55689
55687
55686
55684
55683
55681
55680
55679
55677
55676
55672
55671
55670
5567
55669
55668
55667
55666
55665
55664
55663
55662
55661
55660
5566
55659
55658
55657
55656
55655
55654
55653
55652
55651
55650
5565
55647
55646
55644
55643
55640
5564
55638
55636
55635
55634
55633
55632
55631
55630
5563
55629
55628
55627
55626
55625
55624
55623
55622
55621
55620
5562
55619
55617
55616
55615
55614
55613
55612
55611
55610
55609
55608
55607
55605
55604
55603
55602
55601
55599
55596
55593
55592
55591
55589
55588
55586
55585
55584
55582
5558
55578
55577
55576
55573
55572
55571
5557
55568
55567
55565
55561
55559
55558
55556
55554
55553
55552
5555
55545
55544
55540
5554
55536
55534
55532
55531
55530
5553
55529
55527
55526
55521
55520
5552
55515
55512
55510
5551
55509
55508
55506
55505
55504
55503
55502
55501
55500
5550
5549
55486
55472
55471
5547
55466
5546
55454
55450
55449
5544
55437
55435
55432
554313
554279
554251
55425
554236
554235
554226
554223
55422
55421
554206
554203
554202
554201
5542
55410
5540
554
55388
55384
5538
55379
55374
55370
5537
55367
55366
55364
55362
55361
5536
55359
55357
55356
55355
55353
55352
55351
5535
55349
55347
55346
55345
55344
55343
55342
55341
5534
55339
55337
55336
55335
55334
55333
55332
55331
55330
5533
55329
55328
55327
55326
55325
55324
55323
55322
55321
55320
5532
55319
55317
55316
55315
55314
55313
55312
553115
55311
553103
5531
55308
55304
55301
55300
5530
55299
55298
55297
55296
55295
55294
55293
55291
55290
5529
55289
552889
55288
55287
552860
55286
55285
55284
55283
55282
55281
55280
5528
55279
55278
55277
55276
55275
55274
55273
55272
55270
5527
55269
55268
55267
55266
55262
55260
5526
55259
55258
55257
55256
55255
55254
55253
55252
55251
55250
5525
55249
55248
55247
55246
55245
55244
55243
55240
5524
55239
55238
55237
55236
55234
55233
55231
55230
5523
55229
55228
55227
55226
55225
55224
55223
55222
55220
5522
55219
55218
55217
55216
55215
55214
55213
55212
55211
55210
5521
55209
55208
55207
55206
55205
55204
55203
55201
55200
5520
552
55199
55198
55197
55196
55195
55194
55193
55192
55191
55190
5519
55188
55187
55186
55184
55183
55182
55181
55180
5518
55179
55178
55177
55176
55175
55174
55173
55172
55171
55170
55168
55167
55166
55165
55164
55163
55161
55160
5516
55159
55157
55156
55154
55153
55152
55151
55150
5515
55149
55148
55147
55146
55145
55144
55143
55142
55140
5514
55139
55138
55137
55135
55133
55132
55131
55130
55129
55128
55127
55125
55124
55122
55120
55119
55118
55117
55116
55114
55113
55112
55111
55110
5511
55109
55108
55107
55106
55105
55103
55102
55101
55100
5510
55096
55095
55094
55093
55092
55090
5509
55089
55088
55086
55084
55083
55082
55081
55080
55079
55076
55075
55074
55073
55072
55071
55070
5507
55069
55068
55066
55065
550643
55064
550631
55063
55062
55061
55057
55056
55055
55054
55052
55051
55049
55048
55041
55040
5504
55039
55038
55037
55036
55035
55034
55033
55032
55031
55030
55028
55027
55026
55024
55023
55022
55020
5502
55018
55017
55016
55015
55014
55013
55012
550113
550112
55011
55010
5501
55009
55008
55007
55006
55005
55004
55003
55002
55001
55000
5500
550
55
54998
54997
54996
54995
54994
54993
54991
5499
54989
54987
54986
54985
54984
54982
54981
54980
5498
54979
54978
54977
54976
54974
54973
54972
54971
54970
54969
54968
54967
54965
54964
54963
54962
54961
54960
5496
54958
54957
54956
54955
54954
54953
54952
54951
5495
54949
54948
54947
54946
54943
54942
54941
54940
5494
54939
54938
54937
54936
54935
54934
54933
54932
54931
54930
5493
54929
54928
54927
54926
54925
54923
54922
54921
54920
54919
54918
54916
54915
54914
54913
54910
54908
54906
54905
54904
54903
54902
54901
54900
549
54899
54898
54897
54896
54894
54893
54892
54891
54890
54888
54887
54886
54885
54884
54883
54882
54881
54880
54879
54878
54877
54876
54875
54874
54873
54872
54870
54869
54868
54867
54865
548645
548644
54863
54862
54861
548596
548593
54859
54858
54857
54856
54855
54854
54853
54852
54851
54850
54849
54848
54847
54845
54843
54842
54841
54840
54839
54838
54836
54834
548321
54832
54831
54830
54829
54828
54826
54823
54822
54821
54820
54819
54816
54815
54814
54813
54812
54811
54810
5481
54809
54808
54807
54806
54805
54802
54801
54800
5480
54799
54798
54797
54796
54795
54793
54790
5479
54788
54785
54784
54780
5478
54778
54777
54776
54768
54765
54764
54762
54760
5476
54758
54757
54756
54754
54753
54752
54751
5475
54749
54742
54741
54739
54737
54734
54733
54732
54726
54718
54716
54715
54714
5471
54708
54707
54704
54700
5470
547
5469
54682
54681
54680
5468
54677
54676
54675
54674
5467
54665
54664
54663
54662
54661
54660
5465
5464
5463
54629
54627
54626
54625
54623
54622
54621
54620
5462
54619
54617
54606
54602
5460
546
54596
5459
54587
54586
54585
54584
54583
54581
5458
54579
54576
5457
54567
54566
54558
54557
54556
54555
54554
54553
54552
54551
54550
5455
54549
54545
54543
54542
54541
54540
5454
54539
54538
54537
54536
54535
54534
54532
54531
5453
54529
54522
54521
54520
5452
54517
54516
54514
54512
54510
5451
54509
54508
54507
54505
54504
54503
54502
5450
545
54499
54498
54497
54496
54495
54494
54492
54491
54487
54482
54480
54478
54477
54476
54475
54472
54471
54470
5447
54469
54468
54467
54466
54465
54464
54463
54462
54461
54460
54458
54457
54456
54455
54454
54453
5445
54443
54442
54441
54440
5444
54439
54438
54437
54436
54435
54434
54433
54432
54431
5443
54429
5442
54414
54413
5441
54407
5440
5439
54386
5438
5437
54361
54360
5436
5435
54346
54345
54344
5434
54332
54331
5433
54329
54328
5432
5431
5430
5429
5428
542767
5427
5426
5425
5424
5423
54221
5422
54209
54207
54206
54205
5420
54187
54165
541578
541565
54149
54148
541473
541471
541468
5414
5413
5412
5411
54108
54107
54106
54103
54102
54101
54097
54093
5409
54089
54088
54084
5408
54069
54067
54065
54064
54059
54058
54039
54033
54020
54014
540
54
53981
5396
5395
53947
53944
5394
53938
5393
53918
53917
53916
53905
53904
539
5387
53844
53842
53841
53840
53838
53836
53834
53833
53832
5383
53829
53827
53826
53822
53820
5382
5380
538
5379
5378
5376
5375
5373
5372
5371
5370
537
5367
5366
5365
5364
53637
53635
5362
53616
53615
5361
5360
5359
5358
5357
5356
5355
5354
5352
5351
5350
535
5349
5348
5347
5345
5343
5342
53407
53405
5340
534
5339
5338
53373
53371
5337
5336
53358
53354
53353
5335
53349
53346
53345
53344
53343
53342
53340
5334
53339
53335
5333
5332
5331
5330
533
5329
5328
5327
5326
5325
5324
5321
5320
5318
5317
5316
5315
5314
5313
5311
5310
5309
5308
5307
5306
5305
5304
5303
5300
53
5298
5297
5296
5295
5294
5293
5292
5291
5290
529
5289
5288
5287
5286
5284
5283
5281
528
5279
5277
5274
5272
5271
5270
527
5269
5268
5265
5264
5261
5260
526
5257
5256
5255
5253
5252
5251
5250
525
5245
5244
5243
5241
5239
5238
5236
5230
523
5229
5228
5226
5224
5223
5222
522
5218
5217
5216
5214
5213
5212
5211
5210
521
5209
5208
5207
5205
5204
5203
5202
5201
52
5199
5198
5197
5195
5194
5193
5192
5191
5190
5189
5188
5187
5184
51816
51809
51808
51807
51805
51804
51802
518
5179
51780
51776
51773
51768
51765
51764
51763
51762
51761
51760
5176
51759
51755
51754
51752
51751
51750
5175
51747
51742
51741
5174
51738
51735
51734
51733
5173
51729
51728
51727
51726
51725
51720
5172
51719
51716
51715
51714
51710
51706
51705
51704
51703
51702
51701
51700
5170
517
51699
51696
51693
51692
51691
51690
5169
51686
51684
5168
51678
51676
51673
5167
51669
51668
51667
51666
51665
51663
51661
51660
5166
51659
51657
51655
51654
51652
51651
51650
5165
51649
51647
51646
51645
51643
51642
5164
51639
51637
51635
51634
51633
51631
5163
51629
51626
51622
51621
5162
51619
51616
51614
51611
5161
51608
51606
51605
51604
51603
51602
51601
5160
516
51599
51596
51594
51593
51592
5159
51588
51586
51585
51582
5158
51575
51574
51573
51571
5157
51569
51567
51566
51564
51562
51561
51560
5156
51559
51557
51555
51554
51552
51550
5155
51548
51547
51545
51542
51540
5154
51538
51537
51535
51534
51533
51531
51530
5153
51529
51528
51527
51526
51524
51523
51522
51520
5152
51517
51514
51513
51512
51510
5151
51507
51506
51504
51503
51501
5150
515
51499
51497
51496
51495
51493
51491
51490
51481
51480
5148
51479
51478
51477
51474
51473
5147
51466
51465
51463
51460
5146
51455
51454
51451
51450
5145
51449
51447
51444
51442
51441
51440
5144
51439
51435
51434
51433
51430
5143
51429
51428
51427
51426
51422
51421
5142
51411
5141
51409
51406
51400
5140
514
51399
51398
51397
51393
51390
5139
51389
51388
51386
51385
51384
51382
51380
5138
51379
51378
51377
51375
51374
51373
51372
51371
5137
51368
51367
51366
51364
51363
51362
51361
51360
51352
51351
51347
51343
51341
51340
5134
51339
51337
51335
51334
51333
51332
51330
5133
51329
51327
51326
51324
51322
51321
51320
5132
51319
51318
51317
51316
51315
51314
51313
51312
51311
51310
51309
51308
51307
51306
51304
51303
51302
51301
51300
5130
513
51298
51296
51295
51294
51293
51292
51291
51290
5129
51287
51286
51285
51284
51283
51282
51281
51280
5128
51279
51278
51277
51276
51275
51274
51272
51271
5127
51268
51265
51264
51263
51260
5126
51259
51258
51257
51256
51255
51253
51252
51251
51250
5125
51249
51248
51247
51246
51244
51241
51239
51237
51236
51234
51232
51231
51230
51228
51227
51226
51225
51224
51222
5122
51218
51214
5121
51209
51208
51206
51205
51204
51203
51202
51201
51200
51199
51196
51195
51194
51193
51192
51191
5119
51188
51187
51186
51185
51184
51182
51181
5118
51177
51176
51175
51174
51172
51171
51170
51168
51167
51166
51164
51163
51162
51161
51160
5116
51157
51156
51155
51154
51151
51150
51149
51148
51147
51144
51143
51142
51141
51138
51136
51135
51134
51133
51132
51131
51130
51129
51128
51127
51126
51125
51124
51123
51122
51121
51119
51118
51117
51116
51115
51114
51112
51111
51110
5111
51109
51108
51107
51106
51105
51104
51103
51102
51101
51100
5110
51099
51098
51097
51096
51095
51094
51093
51092
51091
51090
51088
51087
51085
51084
51083
51082
51081
5108
51079
51078
51077
51076
51075
51074
51073
51072
51071
51070
51069
51068
51067
51065
51063
51062
51061
51060
5106
51059
51058
51057
51056
51054
51053
51050
5105
51046
51043
51042
5104
51035
51031
51030
51029
51028
51027
51026
51025
51024
51023
51022
51021
51020
51019
51018
51016
51015
51014
51013
51012
51011
51010
5101
51009
51008
51006
51005
51004
51003
51002
51001
51000
5100
51
50999
5099
5098
5097
50964
5096
5095
50945
50944
50943
50940
5094
50939
50937
5093
5092
5091
5090
509
5089
5087
50865
50863
50862
50861
50856
50855
50854
50853
50848
50846
50840
50839
50838
50832
50831
5083
5082
50814
50813
50810
5081
50809
50808
50807
50805
50804
5080
5079
5077
5074
5073
50717
5071
5069
5067
5066
50652
50651
50650
50649
50640
5064
50636
50632
5063
50628
50626
50624
5062
50619
50618
50617
50615
50614
50613
506
5058
5054
5053
5052
50515
50514
50512
50511
5051
50509
50508
50507
50506
5050
5049
50488
50487
50486
50485
50484
5048
5046
5045
5042
503835
5037
503693
503645
503640
5036
503582
503569
503542
503538
5034
5033
5032
5031
5030
5029
5028
5027
5026
5025
5021
5019
5018
5017
5016
5015
5013
5010
501
5007
5005
5003
5002
5001
5000
50
4999
4998
4990
4988
4987
49861
4986
49856
49855
49854
4985
4983
4982
498
4978
497661
4976
4975
4974
4973
497259
497258
4969
4968
4967
496
4958
4957
4953
4952
495
4948
4947
4946
494558
494551
494514
494513
494470
494335
494333
4943
4942
494143
494141
494119
494115
4940
493911
493900
4939
493869
493861
493860
493856
493829
493812
493754
493753
4935
4931
493
4929
4928
4927
4926
4925
4924
492311
492303
4923
4922
4921
4920
492
4919
4917
4916
4915
4913
491
4909
4908
4907
4905
4904
4902
4901
4900
490
4899
4898
4897
4893
4891
489
4889
4888
4887
4886
4885
4884
4883
4882
4881
4880
488
4879
4878
487
4869
4868
4867
4864
4863
4862
4861
4860
4858
4857
4856
4855
4854
4853
4851
4850
4849
4848
4846
4843
4842
4841
4839
4838
4837
4836
4835
4833
4832
4831
4830
483
4829
4828
4826
4825
4824
4821
4820
482
4817
4814
4811
4810
481
4809
4808
4807
4804
4803
4802
4801
4800
480
48
4799
4798
4796
4795
4794
4793
4792
4791
4790
479
4784
4783
4782
4781
4780
478
4779
4778
4776
4775
4774
4773
4772
4771
477
4763
476
4758
4756
4753
4752
4751
4750
475
4747
4744
474382
474354
474343
474338
474170
4741
474
4739
4738
4736
4735
4734
4733
4731
473
4729
4728
4726
4725
4724
4723
4722
4720
472
4719
4718
4717
4716
4715
4714
4713
4712
4711
4710
471
4709
4708
4707
4706
4705
4704
4703
4702
4701
4700
47
4698
4697
4696
4695
4694
4693
4692
4691
4690
4688
4686
4685
4684
4683
4682
4681
468
4678
4677
4676
4675
4674
4673
4671
4670
467
4669
4668
4666
4665
4664
4661
4660
466
4659
4653
4651
4650
4649
4648
4647
4646
4645
4644
4643
4642
4641
4640
4638
4637
4636
4635
4634
463
4629
4628
4627
4624
4621
4620
462
4616
4615
4613
4610
4609
4607
4606
4605
4603
4602
4601
4600
460
4599
4598
4597
4595
4594
4593
4591
4588
4585
4582
4580
4552
4548
4547
4544
4542
4534
4528
4524
4522
4521
4520
4515
4507
4502
4501
4500
4496
449520
4495
4494
4493
4488
4487
4486
4485
4482
4478
445815
445582
445577
445571
445328
445
444882
4440
444
4439
4438
4437
4436
4435
4430
442912
442900
442896
442895
442894
442893
442721
442590
442582
442578
442524
442523
442497
442459
442454
442425
442421
442361
442229
442213
442211
442132
442038
441951
441869
441733
441687
441666
441631
441549
441531
441518
441509
441502
441501
441495
441478
441476
441461
441459
441457
441455
441454
441452
441432
441425
441394
441389
441381
441376
441355
441317
441307
441295
441294
441282
441273
441272
441263
441251
441250
441242
441234
441212
441208
441194
441191
441172
441168
441161
441155
441151
441150
441116
441108
441094
441081
441061
441058
441054
441046
441027
441025
441024
441009
440970
440957
440956
440955
440952
440944
440926
440910
440905
440896
440895
440894
440854
440836
440829
440823
440822
440804
440738
440712
440704
440700
440689
440672
440603
440600
440594
440590
440585
440584
440574
440567
440556
440519
440518
440515
440508
440503
440498
440482
440465
440461
440456
440452
440435
440434
440423
440419
440400
440362
440359
440356
440354
440352
440335
440307
440300
440299
440297
440295
440288
440279
440278
440275
440270
440253
440248
440243
440224
440193
440184
440173
440145
440138
440119
440107
440104
440101
440087
440081
440078
440077
440073
440072
440044
440034
440028
440026
440021
440
439996
439994
439990
439965
439950
439949
439941
439934
439931
439921
439916
439
43847
438
4363
4361
4360
4359
4358
4357
4356
4355
4354
4352
4351
4350
435
4345
4343
4340
434
4338
4337
4336
4335
4331
4330
433
4329
4327
4326
4325
4324
4323
4322
4321
4320
432
4319
4318
431707
4314
4313
4312
4311
4308
4306
4303
4302
4301
4300
430
43
4299
4298
4297
4296
4295
4294
4293
4292
4291
429
4289
4288
4287
4286
4285
4282
4281
4277
427
4267
4261
4259
4258
4257
4256
4255
4254
4253
425054
4249
4248
4247
4245
4242
4241
4240
4239
4238
4237
4236
4234
4233
4232
4225
4222
4221
4218
4217
4216
4215
4214
4213
4212
4211
4210
421
4209
4208
4207
4205
4204
4201
4200
420
4199
4194
4193
4192
4191
4190
419
4189
4188
4185
4179
4176
4175
4174
4173
4172
4171
4170
417
4168
4166
4163
4162
416
4158
4157
4155
4154
4152
415117
415116
4151
4150
415
414927
414919
414918
4149
4148
414778
414777
414765
414764
4147
4145
4144
414332
414328
414301
4143
414245
414243
414236
414235
414216
414212
414208
414197
414189
414152
414149
4141
4140
414
4139
4137
4135
4134
4133
4131
4130
4129
4128
4126
4125
4124
4123
4122
4121
412
4117
4116
4113
411
4109
4104
410
41
4099
4097
4094
4093
4092
4091
4090
409
4089
4088
4087
4086
4085
4084
408263
4082
4081
408050
408029
408
407977
407975
4077
4076
4074
4072
4071
407054
407043
407034
407028
407019
407006
4070
406997
406991
406988
406956
4069
406893
406891
4067
4066
4065
4062
4061
4060
406
4059
4058
405754
405753
4056
4055
4054
4053
4052
4050
405
4049
4048
404744
404734
4047
404672
404665
404663
404636
4046
404550
4045
4043
404281
404220
404217
404203
404201
4041
404093
404037
4040
4038
4037
4036
4035
4034
403341
403340
403315
403314
403313
403274
403
402779
402778
402682
402665
4026
402573
4025
402483
402415
402317
4023
402176
402160
402055
402
401980
401944
401934
401898
401884
4018
401720
4017
401647
401634
401629
401613
401612
4016
401588
401577
401565
401563
401562
401557
401551
401548
401546
401541
401535
401508
401507
401505
4015
401498
401494
401492
401491
401474
401466
401431
401427
401409
401399
401397
401375
401337
401335
401324
401321
401320
401303
4013
401288
401282
401265
401262
401260
401258
401253
401250
401242
401237
401233
401232
401207
4012
401190
401172
401164
401152
401149
401145
401137
401136
401134
401124
401115
401106
401105
401097
401093
401089
401082
401074
401067
401052
401039
401036
401024
401022
401014
401010
4010
401
400999
400966
400961
400960
400958
400957
400955
400954
400950
400946
400941
400940
400935
400931
400927
400916
4009
400892
400891
400866
400839
400831
400818
400804
4008
400798
400794
400793
400765
400761
400757
400752
400746
400745
400720
400713
400710
400709
4007
400696
400685
400684
400680
400673
400668
400658
400657
400655
400643
400629
400624
400617
400604
400591
400581
400569
400566
400550
400548
400508
400506
400500
4005
400451
400410
4004
400360
400322
400242
400236
400224
400221
400165
400123
400121
400120
400110
4001
400084
400073
400058
400046
400043
400027
4000
400
